territory	total(sqkm)	total(sqmi)	land(sqkm)	land(sqmi)	water(sqkm)	water(sqmi)	water
Russia	17098242	6601668	16377742	6323482	720500	278200	4.21
Antarctica	14000000	5400000	14000000	5400000	0	0	0
Canada	9984670	3855100	9093507	3511023	891163	344080	8.93
UnitedStates	9826675	3794100	9161966	3537455	664709	256646	6.76
China	9596961	3705407	9569901	3694959	27060	10450	0.28
Brazil	8514877	3287612	8459417	3266199	55460	21410	0.65
Australia	7741220	2988900	7682300	2966200	58920	22750	0.76
India	3287263	1269219	2973193	1147956	314070	121260	9.55
Argentina	2780400	1073500	2736690	1056640	43710	16880	1.57
Kazakhstan	2724900	1052100	2699700	1042400	25200	9700	0.92
Algeria	2381741	919595	2381741	919595	0	0	0
DemocraticRepublicoftheCongo	2344858	905355	2267048	875312	77810	30040	3.32
Greenland	2166086	836330	2166086	836330	0	0	81.05
SaudiArabia	2149690	830000	2149690	830000	0	0	0
Mexico	1964375	758449	1943945	750561	20430	7890	1.04
Indonesia	1904569	735358	1811569	699451	93000	36000	4.88
Libya	1759540	679360	1759540	679360	0	0	0
Iran	1648195	636372	1531595	591352	116600	45000	7.07
Mongolia	1564116	603909	1553556	599831	10560	4080	0.68
Peru	1285216	496225	1279996	494209	5220	2020	0.41
Chad	1284000	496000	1259200	486200	24800	9600	1.93
Niger	1267000	489000	1266700	489100	300	120	0.02
Angola	1246700	481400	1246700	481400	0	0	0
Mali	1240192	478841	1220190	471120	20002	7723	1.61
SouthAfrica	1219090	470690	1214470	468910	4620	1780	0.38
Colombia	1138910	439740	1038700	401000	100210	38690	8.8
Ethiopia	1104300	426400	1000000	390000	104300	40300	9.44
Bolivia	1098581	424164	1083301	418265	15280	5900	1.39
Mauritania	1030700	398000	1030700	398000	0	0	0
Egypt	1001450	386660	995450	384350	6000	2300	0.6
Tanzania	947300	365800	885800	342000	61500	23700	6.49
Nigeria	923768	356669	910768	351649	13000	5000	1.41
Venezuela	912050	352140	882050	340560	30000	12000	3.29
Namibia	824292	318261	823290	317870	1002	387	0.12
Mozambique	799380	308640	786380	303620	13000	5000	1.63
Pakistan	796095	307374	770876	297637	25220	9740	3.17
Turkey	783562	302535	769632	297157	13930	5380	1.78
Chile	756102	291933	743812	287187	12290	4750	1.63
Zambia	752618	290587	743398	287028	9220	3560	1.23
Burma	676578	261228	653508	252321	23070	8910	3.41
Afghanistan	652230	251830	652230	251830	0	0	0
France	643801	248573	640427	247270	3374	1303	0.52
Somalia	637657	246201	627337	242216	10320	3980	1.62
CentralAfricanRepublic	622984	240535	622984	240535	0	0	0
Ukraine	603550	233030	579330	223680	24220	9350	4.01
Madagascar	587041	226658	581540	224530	5501	2124	0.94
Botswana	581730	224610	566730	218820	15000	5800	2.58
Kenya	580367	224081	569140	219750	11227	4335	1.93
Yemen	527968	203850	527968	203850	0	0	0
Thailand	513120	198120	510890	197260	2230	860	0.43
Spain	505370	195120	498980	192660	6390	2470	1.26
Turkmenistan	488100	188500	469930	181440	18170	7020	3.72
Cameroon	475440	183570	472710	182510	2730	1050	0.57
PapuaNewGuinea	462840	178700	452860	174850	9980	3850	2.16
Sweden	450295	173860	410335	158431	39960	15430	8.87
Uzbekistan	447400	172700	425400	164200	22000	8500	4.92
Morocco	446550	172410	446300	172300	250	97	0.06
Iraq	438317	169235	437367	168868	950	370	0.22
Paraguay	406752	157048	397302	153399	9450	3650	2.32
Zimbabwe	390757	150872	386847	149362	3910	1510	1
Japan	377915	145914	364485	140728	13430	5190	3.55
Germany	357022	137847	348672	134623	8350	3220	2.34
RepublicoftheCongo	342000	132000	341500	131900	500	190	0.15
Finland	338145	130559	303815	117304	34330	13250	10.15
Vietnam	331210	127880	310070	119720	21140	8160	6.38
Malaysia	329847	127355	328657	126895	1190	460	0.36
Norway	323802	125021	304282	117484	19520	7540	6.03
CotedIvoire	322463	124504	318003	122782	4460	1720	1.38
Poland	312685	120728	304255	117474	8430	3250	2.7
Oman	309500	119500	309500	119500	0	0	0
Italy	301340	116350	294140	113570	7200	2800	2.39
Philippines	300000	120000	298170	115120	1830	710	0.61
Ecuador	283561	109484	276841	106889	6720	2590	2.37
BurkinaFaso	274200	105900	273800	105700	400	150	0.15
Gabon	267667	103347	257667	99486	10000	3900	3.74
NewZealand	266838	103027	262443	101330	4395	1697	1.65
WesternSahara	266000	103000	266000	103000	0	0	0
Guinea	245857	94926	245717	94872	140	54	0.06
UnitedKingdom	243610	94060	241930	93410	1680	650	0.69
Uganda	241038	93065	197100	76100	43938	16965	18.23
Ghana	238533	92098	227533	87851	11000	4200	4.61
Romania	238391	92043	229891	88761	8500	3300	3.57
Laos	236800	91400	230800	89100	6000	2300	2.53
Guyana	214969	83000	196849	76004	18120	7000	8.43
Belarus	207600	80200	202900	78300	4700	1800	2.26
Kyrgyzstan	199951	77202	191801	74055	8150	3150	4.08
Senegal	196722	75955	192530	74340	4192	1619	2.13
Syria	185180	71500	183630	70900	1550	600	0.84
Cambodia	181035	69898	176515	68153	4520	1750	2.5
Uruguay	176215	68037	175015	67574	1200	460	0.68
Suriname	163820	63250	156000	60000	7820	3020	4.77
Tunisia	163610	63170	155360	59980	8250	3190	5.04
Nepal	147181	56827	143351	55348	3830	1480	2.6
Bangladesh	143998	55598	130168	50258	13830	5340	9.6
Tajikistan	143100	55300	141510	54640	2590	1000	1.81
Greece	131957	50949	130647	50443	1310	510	0.99
Nicaragua	130370	50340	119990	46330	10380	4010	7.96
NorthKorea	120538	46540	120408	46490	130	50	0.11
Malawi	118484	45747	94080	36320	24404	9422	20.6
Eritrea	117600	45400	101000	39000	16600	6400	14.12
Benin	112622	43484	110622	42711	2000	770	1.78
Honduras	112090	43280	111890	43200	200	77	0.18
Liberia	111369	43000	96320	37190	15049	5810	13.51
Bulgaria	110879	42811	108489	41888	2390	920	2.16
Cuba	110860	42800	109820	42400	1040	400	0.94
Guatemala	108889	42042	107159	41374	1730	670	1.59
Iceland	103000	40000	100250	38710	2750	1060	2.67
SouthKorea	99720	38500	96920	37420	2800	1100	2.81
Hungary	93028	35918	89608	34598	3420	1320	3.68
Portugal	92090	35560	91470	35320	620	240	0.67
Jordan	89342	34495	88802	34287	540	210	0.6
Azerbaijan	86600	33400	82629	31903	3971	1533	4.59
Austria	83871	32383	82445	31832	1426	551	1.7
UnitedArabEmirates	83600	32300	83600	32300	0	0	0
CzechRepublic	78867	30451	77247	29825	1620	630	2.05
Serbia	77474	29913	77474	29913	0	0	0
Panama	75420	29120	74340	28700	1080	420	1.43
SierraLeone	71740	27700	71620	27650	120	46	0.17
Ireland	70273	27133	68883	26596	1390	540	1.98
Georgia	69700	26900	69700	26900	0	0	0
SriLanka	65610	25330	64630	24950	980	380	1.49
Lithuania	65300	25200	62680	24200	2620	1010	4.01
Latvia	64589	24938	62249	24034	2340	900	3.62
Svalbard	62045	23956	62045	23956	0	0	0
Togo	56785	21925	54385	20998	2400	930	4.23
Croatia	56594	21851	55974	21612	620	240	1.1
BritishIndianOceanTerritory	54400	21000	60	23	54340	20980	99.89
BosniaandHerzegovina	51197	19767	51187	19763	10	3.9	0.02
CostaRica	51100	19700	51060	19710	40	15	0.08
Slovakia	49035	18933	48105	18573	930	360	1.9
DominicanRepublic	48670	18790	48320	18660	350	140	0.72
Estonia	45228	17463	42388	16366	2840	1100	6.28
Denmark	43094	16639	42434	16384	660	250	1.53
Netherlands	41543	16040	33893	13086	7650	2950	18.41
Switzerland	41277	15937	39997	15443	1280	490	3.1
Bhutan	38394	14824	38394	14824	0	0	0
Guinea-Bissau	36125	13948	28120	10860	8005	3091	22.16
RepublicofChina	35980	13890	32260	12460	3720	1440	10.34
Moldova	33851	13070	32891	12699	960	370	2.84
Belgium	30528	11787	30278	11690	250	97	0.82
Lesotho	30355	11720	30355	11720	0	0	0
Armenia	29743	11484	28203	10889	1540	590	5.18
SolomonIslands	28896	11157	27986	10805	910	350	3.15
Albania	28748	11100	27398	10578	1350	520	4.7
EquatorialGuinea	28051	10831	28051	10831	0	0	0
Burundi	27830	10750	25680	9920	2150	830	7.73
Haiti	27750	10710	27560	10640	190	73	0.68
Rwanda	26338	10169	24668	9524	1670	640	6.34
RepublicofMacedonia	25713	9928	25433	9820	280	110	1.09
Djibouti	23200	9000	23180	8950	20	7.7	0.09
Belize	22966	8867	22806	8805	160	62	0.7
ElSalvador	21041	8124	20721	8000	320	120	1.52
Israel	20770	8020	20330	7850	440	170	2.12
Slovenia	20273	7827	20151	7780	122	47	0.6
NewCaledonia	18575	7172	18275	7056	300	120	1.62
Fiji	18274	7056	18274	7056	0	0	0
Kuwait	17818	6880	17818	6880	0	0	0
Swaziland	17364	6704	17204	6643	160	62	0.92
EastTimor	14874	5743	14874	5743	0	0	0
TheBahamas	13880	5360	10010	3860	3870	1490	27.88
Montenegro	13812	5333	13452	5194	360	140	2.61
PuertoRico	13790	5320	8870	3420	4921	1900	35.69
Vanuatu	12189	4706	12189	4706	0	0	0
FalklandIslands	12173	4700	12173	4700	0	0	0
MarshallIslands	11854	4577	181	70	11673	4507	98.47
Qatar	11586	4473	11586	4473	0	0	0
TheGambia	11295	4361	10000	3900	1295	500	11.47
Jamaica	10991	4244	10831	4182	160	62	1.46
Kosovo	10887	4203	10887	4203	0	0	0
Lebanon	10400	4000	10230	3950	170	66	1.63
Cyprus	9251	3572	9241	3568	10	3.9	0.11
FrenchSouthernandAntarcticLands	7747.4	2991.3	7667.6	2960.5	79.8	30.8	1.03
UnitedStatesPacificIslandWildlifeRefuges	6959.41	2687.04	22.41	8.65	6937	2678	99.68
WestBank	5860	2260	5640	2180	220	85	3.75
Brunei	5765	2226	5265	2033	500	190	8.67
TrinidadandTobago	5128	1980	5128	1980	0	0	0
FrenchPolynesia	4167	1609	3827	1478	340	130	8.16
CapeVerde	4033	1557	4033	1557	0	0	0
SouthGeorgiaandtheSouthSandwichIslands	3903	1507	3903	1507	0	0	0
Samoa	2831	1093	2821	1089	10	3.9	0.35
Luxembourg	2586	998	2586	998	0	0	0
Mauritius	2040	790	2030	780	10	3.9	0.49
UnitedStatesVirginIslands	1910	740	346	134	1564	604	81.88
Comoros	1862	719	1862	719	0	0	0
FaroeIslands	1393	538	1393	538	0.10	0.010	0.0010.00
HongKong	1104	426	1054	407	50	19	4.53
SaoTomeandPrincipe	964	372	964	372	0	0	0
Kiribati	811	313	811	313	0	0	0
Bahrain	760	290	760	290	0	0	0
Dominica	751	290	751	290	0	0	0
Tonga	747	288	717	277	30	12	4.02
FederatedStatesofMicronesia	702	271	702	271	0.10	0.010	0.0010.00
Singapore	697	269	687	265	10	3.9	1.43
SaintLucia	616	238	606	234	10	3.9	1.62
IsleofMan	572	221	572	221	0	0	0
Guam	544	210	544	210	0	0	0
Andorra	468	181	468	181	0	0	0
NorthernMarianaIslands	464	179	464	179	0	0	0
Palau	459	177	459	177	0	0	0
Seychelles	455	176	455	176	0	0	0
Curaçao	444	171	444	171	0	0	0
AntiguaandBarbuda	442.6	170.9	442.6	170.9	0	0	0
Barbados	431	166	431	166	0	0	0
TurksandCaicosIslands	430	170	430	170	0	0	0
HeardIslandandMcDonaldIslands	412	159	412	159	0	0	0
SaintVincentandtheGrenadines	389	150	389	150	0	0	0
JanMayen	377	146	377	146	0	0	0
GazaStrip	360	140	360	140	0	0	0
Grenada	344	133	344	133	0	0	0
Malta	316	122	316	122	0	0	0
SaintHelena,AscensionandTristandaCunha	308	119	308	119	0	0	0
Maldives	298	115	298	115	0	0	0
CaymanIslands	264	102	264	102	0	0	0
SaintKittsandNevis	261	101	261	101	0	0	0
Niue	260	100	260	100	0	0	0
SaintPierreandMiquelon	242	93	242	93	0	0	0
CookIslands	236	91	236	91	0	0	0
AmericanSamoa	199	77	199	77	0	0	0
Aruba	180	69	180	69	0	0	0
Liechtenstein	160	62	160	62	0	0	0
BritishVirginIslands	151	58	151	58	0	0	0
WallisandFutuna	142	55	142	55	0	0	0
ChristmasIsland	135	52	135	52	0	0	0
Jersey	116	45	116	45	0	0	0
Montserrat	102	39	102	39	0	0	0
Anguilla	91	35	91	35	0	0	0
Guernsey	78	30	78	30	0	0	0
SanMarino	61	24	61	24	0	0	0
Bermuda	54	21	54	21	0	0	0
BouvetIsland	49	19	49	19	0	0	0
PitcairnIslands	47	18	47	18	0	0	0
NorfolkIsland	36	14	36	14	0	0	0
SintMaarten	34	13	34	13	0	0	0
Macau	28.2	10.9	28.2	10.9	0	0	0
Tuvalu	26	10	26	10	0	0	0
Nauru	21	8.1	21	8.1	0	0	0
CocosIslands	14	5.4	14	5.4	0	0	0
Tokelau	12	4.6	12	4.6	0	0	0
Gibraltar	6.5	2.5	6.5	2.5	0	0	0
WakeIsland	6.5	2.5	6.5	2.5	0	0	0
ClippertonIsland	6	2.3	6	2.3	0	0	0
NavassaIsland	5.4	2.1	5.4	2.1	0	0	0
AshmoreandCartierIslands	5	1.9	5	1.9	0	0	0
Monaco	2	0.77	2	0.77	0	0	0
VaticanCity	0.44	0.17	0.44	0.17	0	0	0