126.208
219.923
280.248
270.987
309.210
109.463
153.598
174.978
192.342
193.750
228.910
241.715
269.798
296.886
121.649
131.459
160.601
187.351
203.621
242.316
253.335
273.953
312.477
114.825
134.141
152.355
154.038
185.491
181.741
195.350
213.103
219.761
112.294
146.288
170.924
177.749
216.073
238.903
264.789
276.086
93.965
133.028
157.443
175.824
185.076
225.266
241.606
264.286
293.316
119.668
146.575
176.186
191.667
280.943
233.703
266.968
294.635
135.961
121.066
141.446
191.445
217.081
261.774
270.509
293.732
126.531
149.468
173.312
196.148
237.775
256.142
92.255
1134.914
176.634
228.479
171.900
174.844
192.882
215.297
240.811
284.585
115.156
141.043
180.161
174.294
200.984
277.106
240.878
271.359
88.221
93.593
122.006
129.799
144.846
151.798
164.227
177.884
197.041
100.602
163.705
146.066
149.615
180.250
196.850
231.297
243.425
266.728
92.452
120.263
142.522
165.353
181.979
203.751
230.409
269.502
326.143
101.889
130.511
146.213
162.350
175.907
209.447
253.480
269.977
277.898
87.881
103.062
140.965
179.746
191.990
207.100
214.394
246.336
271.005
89.032
123.837
257.811
155.672
184.573
1196.977
550.100
927.742
1010.258
416.319
154.093
569.605
187.795
190.548
227.919
272.024
266.792
288.042
122.537
210.284
173.581
176.138
205.427
228.295
250.631
275.762
289.692
105.251
112.832
118.146
119.066
154.577
161.241
183.042
194.846
224.127
132.576
121.508
163.421
204.787
245.061
211.871
242.288
292.716
356.685
109.687
210.135
253.455
232.549
1140.286
1282.029
477.889
580.528
306.219
123.703
139.696
197.400
174.632
247.883
242.403
270.252
269.513
115.168
161.970
165.671
186.991
206.772
251.893
250.922
282.677
289.570
113.333
126.440
169.509
182.686
218.583
220.098
265.574
297.167
311.910
134.548
139.444
157.066
183.361
208.436
296.421
282.981
271.012
309.055
123.775
146.613
182.992
195.337
227.954
238.662
354.924
273.516
325.803
116.117
118.378
475.204
131.459
153.584
164.806
136.303
210.953
193.420
182.132
1123.203
290.820
243.515
238.558
380.204
594.393
617.177
165.962
868.831
263.580
222.862
227.607
238.533
342.269
297.236
116.079
1191.058
337.697
482.618
1591.308
747.526
1249.059
350.851
360.856
126.534
120.642
169.090
183.785
233.891
225.180
237.531
255.937
278.366
106.377
144.293
161.072
199.684
210.611
228.685
263.039
284.532
300.598
114.329
144.137
202.439
196.170
208.622
230.428
245.346
282.811
302.511
115.845
