CarName,Type,AWD,FWD,ManPr,RetPr,Eng,Cyl,HP,CMpG,HMpG,Weight,WhlB,Length,Width
Chevrolet_Aveo_4dr,0,0,0,11690,10965,1.6,4,103,28,34,2370,98,167,66
Chevrolet_Aveo_LS_4dr_hatch,0,0,0,12585,11802,1.6,4,103,28,34,2348,98,153,66
Chevrolet_Cavalier_2dr,0,0,0,14610,13697,2.2,4,140,26,37,2617,104,183,69
Chevrolet_Cavalier_4dr,0,0,0,14810,13884,2.2,4,140,26,37,2676,104,183,68
Chevrolet_Cavalier_LS_2dr,0,0,0,16385,15357,2.2,4,140,26,37,2617,104,183,69
Dodge_Neon_SE_4dr,0,0,0,13670,12849,2.0,4,132,29,36,2581,105,174,67
Dodge_Neon_SXT_4dr,0,0,0,15040,14086,2.0,4,132,29,36,2626,105,174,67
Ford_Focus_ZX3_2dr_hatch,0,0,0,13270,12482,2.0,4,130,26,33,2612,103,168,67
Ford_Focus_LX_4dr,0,0,0,13730,12906,2.0,4,110,27,36,2606,103,168,67
Ford_Focus_SE_4dr,0,0,0,15460,14496,2.0,4,130,26,33,2606,103,168,67
Ford_Focus_ZX5_5dr,0,0,0,15580,14607,2.0,4,130,26,33,2691,103,168,67
Honda_Civic_DX_2dr,0,0,0,13270,12175,1.7,4,115,32,38,2432,103,175,67
Honda_Civic_HX_2dr,0,0,0,14170,12996,1.7,4,117,36,44,2500,103,175,67
Honda_Civic_LX_4dr,0,0,0,15850,14531,1.7,4,115,32,38,2513,103,175,68
Hyundai_Accent_2dr_hatch,0,0,0,10539,10107,1.6,4,103,29,33,2255,96,167,66
Hyundai_Accent_GL_4dr,0,0,0,11839,11116,1.6,4,103,29,33,2290,96,167,66
Hyundai_Accent_GT_2dr_hatch,0,0,0,11939,11209,1.6,4,103,29,33,2339,96,167,66
Hyundai_Elantra_GLS_4dr,0,0,0,13839,12781,2.0,4,138,26,34,2635,103,178,68
Hyundai_Elantra_GT_4dr,0,0,0,15389,14207,2.0,4,138,26,34,2635,103,178,68
Hyundai_Elantra_GT_4dr_hatch,0,0,0,15389,14207,2.0,4,138,26,34,2698,103,178,68
Kia_Optima_LX_4dr,0,0,0,16040,14910,2.4,4,138,23,30,3281,106,186,72
Kia_Rio_4dr_manual,0,0,0,10280,9875,1.6,4,104,26,33,2403,95,167,66
Kia_Rio_4dr_auto,0,0,0,11155,10705,1.6,4,104,25,32,2458,95,167,66
Kia_Spectra_4dr,0,0,0,12360,11630,1.8,4,124,24,32,2661,101,178,68
Kia_Spectra_GS_4dr_hatch,0,0,0,13580,12830,1.8,4,124,24,32,2686,101,178,68
Kia_Spectra_GSX_4dr_hatch,0,0,0,14630,13790,1.8,4,124,24,32,2697,101,178,68
Mazda3_i_4dr,0,0,0,15500,14525,2.0,4,148,-1,-1,2696,-1,-1,-1
Mini_Cooper,0,0,0,16999,15437,1.6,4,115,28,37,2524,97,143,67
Mitsubishi_Lancer_ES_4dr,0,0,0,14622,13751,2.0,4,120,-1,-1,2656,102,181,67
Mitsubishi_Lancer_LS_4dr,0,0,0,16722,15718,2.0,4,120,-1,-1,2795,102,181,67
Nissan_Sentra_1.8_4dr,0,0,0,12740,12205,1.8,4,126,28,35,2513,100,178,67
Nissan_Sentra_1.8_S_4dr,0,0,0,14740,13747,1.8,4,126,28,35,2581,100,178,67
Pontiac_Sunfire_1SA_2dr,0,0,0,15495,14375,2.2,4,140,24,33,2771,104,182,68
Saturn_Ion1_4dr,0,0,0,10995,10319,2.2,4,140,26,35,2692,103,185,67
Saturn_lon2_4dr,0,0,0,14300,13393,2.2,4,140,26,35,2692,103,185,67
Saturn_lon3_4dr,0,0,0,15825,14811,2.2,4,140,26,35,2692,103,185,67
Saturn_lon2_quad_coupe_2dr,0,0,0,14850,13904,2.2,4,140,26,35,2751,103,185,68
Saturn_lon3_quad_coupe_2dr,0,0,0,16350,15299,2.2,4,140,26,35,2751,103,185,68
Scion_xA_4dr_hatch,0,0,0,12965,12340,1.5,4,108,32,38,2340,93,154,67
Suzuki_Aeno_S_4dr,0,0,0,12884,12719,2.3,4,155,25,31,2676,98,171,68
Suzuki_Aerio_LX_4dr,0,0,0,14500,14317,2.3,4,155,25,31,2676,98,171,68
Suzuki_Forenza_S_4dr,0,0,0,12269,12116,2.0,4,119,24,31,2701,102,177,68
Suzuki_Forenza_EX_4dr,0,0,0,15568,15378,2.0,4,119,22,30,2756,102,177,68
Toyota_Corolla_CE_4dr,0,0,0,14085,13065,1.8,4,130,32,40,2502,102,178,67
Toyota_Corolla_S_4dr,0,0,0,15030,13650,1.8,4,130,32,40,2524,102,178,67
Toyota_Corolla_LE_4dr,0,0,0,15295,13889,1.8,4,130,32,40,2524,102,178,67
Toyota_Echo_2dr_manual,0,0,0,10760,10144,1.5,4,108,35,43,2035,93,163,65
Toyota_Echo_2dr_auto,0,0,0,11560,10896,1.5,4,108,33,39,2085,93,163,65
Toyota_Echo_4dr,0,0,0,11290,10642,1.5,4,108,35,43,2055,93,163,65
Buick_Century_Custom_4dr,0,0,0,22180,20351,3.1,6,175,20,30,3353,109,195,73
Chevrolet_Impala_4dr,0,0,0,21900,20095,3.4,6,180,21,32,3465,111,200,73
Chevrolet_Malibu_4dr,0,0,0,18995,17434,2.2,4,145,24,34,3174,106,188,70
Chevrolet_Malibu_LS_4dr,0,0,0,20370,18639,3.5,6,200,22,30,3297,106,188,70
Chevrolet_Monte_Carlo_LS_2dr,0,0,0,21825,20026,3.4,6,180,21,32,3340,111,198,73
Chrysler_PT_Cruiser_4dr,0,0,0,17985,16919,2.4,4,150,22,29,3101,103,169,67
Chrysler_PT_Cruiser_Limited_4dr,0,0,0,22000,20573,2.4,4,150,22,29,3105,103,169,67
Chrysler_Sebring_4dr,0,0,0,19090,17805,2.4,4,150,22,30,3173,108,191,71
Chrysler_Sebring_Touring_4dr,0,0,0,21840,20284,2.7,6,200,21,28,3222,108,191,71
Dodge_Intrepid_SE_4dr,0,0,0,22035,20502,2.7,6,200,21,29,3469,113,204,75
Dodge_Stratus_SXT_4dr,0,0,0,18820,17512,2.4,4,150,21,28,3182,108,191,71
Dodge_Stratus_SE_4dr,0,0,0,20220,18821,2.4,4,150,21,28,3175,108,191,71
Ford_Focus_SVT_2dr,0,0,0,19135,17878,2.0,4,170,21,28,2750,103,168,67
Ford_Taurus_LX_4dr,0,0,0,20320,18881,3.0,6,155,20,27,3306,109,198,73
Ford_Taurus_SES_Duratec_4dr,0,0,0,22735,20857,3.0,6,201,19,26,3313,109,198,73
Honda_Accord_LX_2dr,0,0,0,19860,17924,2.4,4,160,26,34,2994,105,188,71
Honda_Accord_EX_2dr,0,0,0,22260,20080,2.4,4,160,26,34,3047,105,188,71
Honda_Civic_EX_4dr,0,0,0,17750,16265,1.7,4,127,32,37,2601,103,175,68
Honda_Civic_Si_2dr_hatch,0,0,0,19490,17849,2.0,4,160,26,30,2782,101,166,67
Honda_Civic_Hybrid_4dr_manual(gas/electric),0,0,0,20140,18451,1.4,4,93,46,51,2732,103,175,68
Honda_Insight_2dr(gas/electric),0,0,0,19110,17911,2.0,3,73,60,66,1850,95,155,67
Hyundai_Sonata_GLS_4dr,0,0,0,19339,17574,2.7,6,170,19,27,3217,106,187,72
Hyundai_Sonata_LX_4dr,0,0,0,20339,18380,2.7,6,170,19,27,3217,106,187,72
Kia_Optima_LX_V6_4dr,0,0,0,18435,16850,2.7,6,170,20,27,3279,106,186,72
Mazda3_s_4dr,0,0,0,17200,15922,2.3,4,160,-1,-1,2762,-1,-1,-1
Mazda6_i_4dr,0,0,0,19270,17817,2.3,4,160,24,32,3042,105,187,70
Mercury_Sable_GS_4dr,0,0,0,21595,19848,3.0,6,155,20,27,3308,109,200,73
Mini_Cooper_S,0,0,0,19999,18137,1.6,4,163,25,34,2678,97,144,67
Mitsubishi_Galant_ES_2.4L_4dr,0,0,0,19312,17957,2.4,4,160,-1,-1,3351,108,191,72
Mitsubishi_Lancer_OZ_Rally_4dr_auto,0,0,0,17232,16196,2.0,4,120,-1,-1,2744,102,181,67
Nissan_Altima_S_4dr,0,0,0,19240,18030,2.5,4,175,21,26,3039,110,192,70
Nissan_Sentra_SE-R_4dr,0,0,0,17640,16444,2.5,4,165,23,28,2761,100,178,67
Oldsmobile_Alero_GX_2dr,0,0,0,18825,17642,2.2,4,140,24,32,2946,107,187,70
Pontiac_Grand_Am_GT_2dr,0,0,0,22450,20595,3.4,6,175,20,29,3118,107,186,70
Pontiac_Grand_Prix_GT1_4dr,0,0,0,22395,20545,3.8,6,200,20,30,3477,111,198,74
Pontiac_Sunfire_1SC_2dr,0,0,0,17735,16369,2.2,4,140,24,33,2771,104,182,68
Saturn_L300-2_4dr,0,0,0,21410,19801,3.0,6,182,20,28,3197,107,190,69
Subaru_Impreza_2.5_RS_4dr,0,1,0,19945,18399,2.5,4,165,22,28,2965,99,174,69
Subaru_Legacy_L_4dr,0,1,0,20445,18713,2.5,4,165,21,28,3285,104,184,69
Suzuki_Verona_LX_4dr,0,0,0,17262,17053,2.5,6,155,20,27,3380,106,188,72
Toyota_Camry_LE_4dr,0,0,0,19560,17558,2.4,4,157,24,33,3086,107,189,71
Toyota_Camry_LE_V6_4dr,0,0,0,22775,20325,3.0,6,210,21,29,3296,107,189,71
Toyota_Camry_Solara_SE_2dr,0,0,0,19635,17722,2.4,4,157,24,33,3175,107,193,72
Toyota_Camry_Solara_SE_V6_2dr,0,0,0,21965,19819,3.3,6,225,20,29,3417,107,193,72
Toyota_Prius_4dr(gas/electric),0,0,0,20510,18926,1.5,4,110,59,51,2890,106,175,68
Volkswagen_Golf_GLS_4dr,0,0,0,18715,17478,2.0,4,115,24,31,2897,99,165,68
Volkswagen_GTI_1.8T_2dr_hatch,0,0,0,19825,18109,1.8,4,180,24,31,2934,99,168,68
Volkswagen_Jetta_GLS_TDI_4dr,0,0,0,21055,19638,1.9,4,100,38,46,3003,99,172,68
Volkswagen_New_Beetle_GLS_1.8T_2dr,0,0,0,21055,19638,1.8,4,150,24,31,2820,99,161,68
Acura_RSX_Type_S_2dr,0,0,0,23820,21761,2.0,4,200,24,31,2778,101,172,68
Acura_TSX_4dr,0,0,0,26990,24647,2.4,4,200,22,29,3230,105,183,69
Audi_A4_1.8T_4dr,0,0,0,25940,23508,1.8,4,170,22,31,3252,104,179,70
BMW_325i_4dr,0,0,1,28495,26155,2.5,6,184,20,29,3219,107,176,69
Buick_LeSabre_Custom_4dr,0,0,0,26470,24282,3.8,6,205,20,29,3567,112,200,74
Buick_Regal_LS_4dr,0,0,0,24895,22835,3.8,6,200,20,30,3461,109,196,73
Buick_Regal_GS_4dr,0,0,0,28345,26047,3.8,6,240,18,28,3536,109,196,73
Chevrolet_Impala_LS_4dr,0,0,0,25000,22931,3.8,6,200,20,30,3476,111,200,73
Chevrolet_Impala_SS_4dr,0,0,0,27995,25672,3.8,6,240,18,28,3606,111,200,73
Chevrolet_Malibu_LT_4dr,0,0,0,23495,21551,3.5,6,200,23,32,3315,106,188,70
Chevrolet_Monte_Carlo_SS_2dr,0,0,0,24225,22222,3.8,6,200,18,28,3434,111,198,73
Chrysler_300M_4dr,0,0,0,29865,27797,3.5,6,250,18,27,3581,113,198,74
Chrysler_Concorde_LX_4dr,0,0,0,24130,22452,2.7,6,200,21,29,3479,113,208,74
Chrysler_Concorde_LXi_4dr,0,0,0,26860,24909,3.5,6,232,19,27,3548,113,208,74
Chrvsler_PT_Cruiser_GT_4dr,0,0,0,25955,24172,2.4,4,220,21,27,3217,103,169,67
Chrysler_Sebring_convertible_2dr,0,0,0,25215,23451,2.4,4,150,22,30,3357,106,194,64
Dodge_Intrepid_ES_4dr,0,0,0,24885,23058,3.5,6,232,18,27,3487,113,204,75
Ford_Crown_Victoria_4dr,0,0,1,24345,22856,4.6,8,224,17,25,4057,115,212,78
Ford_Crown_Victoria_LX_4dr,0,0,1,27370,25105,4.6,8,224,17,25,4057,115,212,78
Honda_Accord_LX_V6_4dr,0,0,0,23760,21428,3.0,6,240,21,30,3349,108,190,72
Honda_Accord_EX_V6_2dr,0,0,0,26960,24304,3.0,6,240,21,30,3294,105,188,71
Hyundai_XG350_4dr,0,0,0,24589,22055,3.5,6,194,17,26,3651,108,192,72
Hyundai_XG350_L_4dr,0,0,0,26189,23486,3.5,6,194,17,26,3651,108,192,72
Infiniti_G35_4dr,0,0,1,28495,26157,3.5,6,260,18,26,3336,112,187,69
Infiniti_G35_Sport_Coupe_2dr,0,0,1,29795,27536,3.5,6,280,18,26,3416,112,182,72
Jaguar_X-Type_2.5_4dr,0,1,0,29995,27355,2.5,6,192,18,26,3428,107,184,70
Kia_Amanti_4dr,0,0,0,26000,23764,3.5,6,195,17,25,-1,110,196,73
Mercedes-Benz_C230_Sport_2dr,0,0,1,26060,24249,1.8,4,189,22,30,3250,107,178,68
Mercedes-Benz_C320_Sport_2dr,0,0,1,28370,26435,3.2,6,215,19,26,3430,107,178,68
Mercury_Grand_Marquis_GS_4dr,0,0,1,24695,23217,4.6,8,224,17,25,4052,115,212,78
Mercury_Grand_Marquis_LS_Premium_4dr,0,0,1,29595,27148,4.6,8,224,17,25,4052,115,212,78
Mercury_Sable_LS_Premium_4dr,0,0,0,23895,21918,3.0,6,201,19,26,3315,109,200,73
Mitsubishi_Diamante_LS_4dr,0,0,0,29282,27250,3.5,6,205,18,25,3549,107,194,70
Mitsubishi_Galant_GTS_4dr,0,0,0,25700,23883,3.8,6,230,18,26,3649,108,191,72
Nissan_Altima_SE_4dr,0,0,0,23290,21580,3.5,6,245,21,26,3197,110,192,70
Nissan_Maxima_SE_4dr,0,0,0,27490,25182,3.5,6,265,20,28,3473,111,194,72
Nissan_Maxima_SL_4dr,0,0,0,29440,26966,3.5,6,265,20,28,3476,111,194,72
Oldsmobile_Alero_GLS_2dr,0,0,0,23675,21485,3.4,6,170,20,29,3085,107,187,70
Pontiac_Grand_Prix_GT2_4dr,0,0,0,24295,22284,3.8,6,200,20,30,3484,111,198,74
Subaru_Legacy_GT_4dr,0,1,0,25645,23336,2.5,4,165,21,28,3395,104,184,69
Subaru_Outback_Limited_Sedan_4dr,0,1,0,27145,24687,2.5,4,165,20,27,3495,104,184,69
Subaru_Outback_H6_4dr,0,1,0,29345,26660,3.0,6,212,19,26,3610,104,184,69
Toyota_Avalon_XL_4dr,0,0,0,26560,23693,3.0,6,210,21,29,3417,107,192,72
Toyota_Camry_XLE_V6_4dr,0,0,0,25920,23125,3.0,6,210,21,29,3362,107,189,71
Toyota_Camry_Solara_SLE_V6_2dr,0,0,0,26510,23908,3.3,6,225,20,29,3439,107,193,72
Volkswagen_Jetta_GLI_VR6_4dr,0,0,0,23785,21686,2.8,6,200,21,30,3179,99,172,68
Volkswagen_New_Beetle_GLS_convertible_2dr,0,0,0,23215,21689,2.0,4,115,24,30,3082,99,161,68
Volkswagen_Passat_GLS_4dr,0,0,0,23955,21898,1.8,4,170,22,31,3241,106,185,69
Volvo_S40_4dr,0,0,0,25135,23701,1.9,4,170,22,29,2767,101,178,68
Acura_TL_4dr,0,0,0,33195,30299,3.2,6,270,20,28,3575,108,186,72
Audi_A41.8T_convertible_2dr,0,0,0,35940,32506,1.8,4,170,23,30,3638,105,180,70
Audi_A4_3.0_4dr,0,0,0,31840,28846,3.0,6,220,20,28,3462,104,179,70
Audi_A4_3.0_Quattro_4dr_manual,0,1,0,33430,30366,3.0,6,220,17,26,3583,104,179,70
Audi_A4_3.0_Quattro_4dr_auto,0,1,0,34480,31388,3.0,6,220,18,25,3627,104,179,70
Audi_A6_3.0_4dr,0,0,0,36640,33129,3.0,6,220,20,27,3561,109,192,71
Audi_A6_3.0_Quattro_4dr,0,1,0,39640,35992,3.0,6,220,18,25,3880,109,192,71
BMW_325Ci_2dr,0,0,1,30795,28245,2.5,6,184,20,29,3197,107,177,69
BMW_325Ci_convertible_2dr,0,0,1,37995,34800,2.5,6,184,19,27,3560,107,177,69
BMW_325xi_4dr,0,1,0,30245,27745,2.5,6,184,19,27,3461,107,176,69
BMW_330i_4dr,0,0,1,35495,32525,3.0,6,225,20,30,3285,107,176,69
BMW_330Ci_2dr,0,0,1,36995,33890,3.0,6,225,20,30,3285,107,176,69
BMW_330xi_4dr,0,1,0,37245,34115,3.0,6,225,20,29,3483,107,176,69
BMW_525i_4dr,0,0,1,39995,36620,2.5,6,184,19,28,3428,114,191,73
Buick_LeSabre_Limited_4dr,0,0,0,32245,29566,3.8,6,205,20,29,3591,112,200,74
Buick_Park_Avenue_4dr,0,0,0,35545,32244,3.8,6,205,20,29,3778,114,207,75
Cadillac_CTS_VVT_4dr,0,0,1,30835,28575,3.6,6,255,18,25,3694,113,190,71
Chrysler_300M_Special_Edition_4dr,0,0,0,33295,30884,3.5,6,255,18,27,3650,113,198,74
Chrysler_Sebring_Limited_convertible_2dr,0,0,0,30950,28613,2.7,6,200,21,28,3448,106,194,69
Ford_Crown_Victoria_LX_Sport_4dr,0,0,1,30315,27756,4.6,8,239,17,25,4057,115,212,78
Infiniti_G35_4dr,0,1,0,32445,29783,3.5,6,260,18,26,3677,112,187,69
Infiniti_I35_4dr,0,0,0,31145,28320,3.5,6,255,19,26,3306,108,194,70
Jaguar_X-Type_3.0_4dr,0,1,0,33995,30995,3.0,6,227,18,25,3516,107,184,70
Lexus_ES_330_4dr,0,0,0,32350,28755,3.3,6,225,20,29,3460,107,191,71
Lexus_IS_300_4dr_manual,0,0,1,31045,27404,3.0,6,215,18,25,3255,105,177,68
Lexus_IS_300_4dr_auto,0,0,1,32415,28611,3.0,6,215,18,24,3285,105,177,68
Lincoln_LS_V6_Luxury_4dr,0,0,1,32495,29969,3.0,6,232,20,26,3681,115,194,73
Lincoln_LS_V6_Premium_4dr,0,0,1,36895,33929,3.0,6,232,20,26,3681,115,194,73
Mercedes-Benz_C240_4dr,0,0,1,32280,30071,2.6,6,168,20,25,3360,107,178,68
Mercedes-Benz_C240_4dr,0,1,0,33480,31187,2.6,6,168,19,25,3360,107,178,68
Mercedes-Benz_C320_Sport_4dr,0,0,1,35920,33456,3.2,6,215,19,26,3430,107,178,68
Mercedes-Benz_C320_4dr,0,0,1,37630,35046,3.2,6,215,20,26,3450,107,178,68
Mercedes-Benz_C320_4dr,0,1,0,38830,36162,3.2,6,215,19,27,-1,107,178,68
Mercury_Grand_Marquis_LS_Ultimate_4dr,0,0,1,30895,28318,4.6,8,224,17,25,4052,115,212,78
Mercury_Marauder_4dr,0,0,1,34495,31558,4.6,8,302,17,23,4195,115,212,78
Pontiac_Bonneville_GXP_4dr,0,0,0,35995,32997,4.6,8,275,-1,-1,3790,112,203,74
Saab_9-3_Arc_Sport_4dr,0,0,0,30860,29269,2.0,4,210,20,28,3175,105,183,69
Saab_9-3_Aero_4dr,0,0,0,33360,31562,2.0,4,210,20,28,3175,105,183,69
Saab_9-5_Arc_4dr,0,0,0,35105,33011,2.3,4,220,21,29,3470,106,190,71
Saab_9-5_Aero_4dr,0,0,0,39465,37721,2.3,4,250,21,29,3470,106,190,71
Subaru_Outback_H-6_VDC_4dr,0,1,0,31545,28603,3.0,6,212,19,26,3630,104,184,69
Toyota_Avalon_XLS_4dr,0,0,0,30920,27271,3.0,6,210,21,29,3439,107,192,72
Volkswagen_Passat_GLX_V6_4MOTION_4dr,0,0,0,33180,30583,2.8,6,190,19,26,3721,106,185,69
Volkswagen_Passat_W8_4MOTION_4dr,0,0,0,39235,36052,4.0,8,270,18,25,3953,106,185,69
Volvo_S60_2.5_4dr,0,1,0,31745,29916,2.5,5,208,20,27,3903,107,180,71
Volvo_S60_T5_4dr,0,0,0,34845,32902,2.3,5,247,20,28,3766,107,180,71
Volvo_S60_R_4dr,0,1,0,37560,35382,2.5,5,300,18,25,3571,107,181,71
Volvo_S80_2.9_4dr,0,0,0,37730,35542,2.9,6,208,20,28,3576,110,190,72
Volvo_S80_2.5T_4dr,0,1,0,37885,35688,2.5,5,194,20,27,3691,110,190,72
Acura_3.5_RL_4dr,0,0,0,43755,39014,3.5,6,225,18,24,3880,115,197,72
Acura_3.5_RL_w/Navigation_4dr,0,0,0,46100,41100,3.5,6,225,18,24,3893,115,197,72
Audi_A4_3.0_convertible_2dr,0,0,0,42490,38325,3.0,6,220,20,27,3814,105,180,70
Audi_A4_3.0_Quattro_convertible_2dr,0,1,0,44240,40075,3.0,6,220,18,25,4013,105,180,70
Audi_A6_2.7_Turbo_Quattro_4dr,0,1,0,42840,38840,2.7,6,250,18,25,3836,109,192,71
Audi_A6_4.2_Quattro_4dr,0,1,0,49690,44936,4.2,8,300,17,24,4024,109,193,71
Audi_A8_L_Quattro_4dr,0,1,0,69190,64740,4.2,8,330,17,24,4399,121,204,75
Audi_S4_Quattro_4dr,0,1,0,48040,43556,4.2,8,340,14,20,3825,104,179,70
BMW_330Ci_convertible_2dr,0,0,1,44295,40530,3.0,6,225,19,28,3616,107,177,69
BMW_530i_4dr,0,0,1,44995,41170,3.0,6,225,20,30,3472,114,191,73
BMW_545iA_4dr,0,0,1,54995,50270,4.4,8,325,18,26,3814,114,191,73
BMW_745i_4dr,0,0,1,69195,63190,4.4,8,325,18,26,4376,118,198,75
BMW_745Li_4dr,0,0,1,73195,66830,4.4,8,325,18,26,4464,123,204,75
Buick_Park_Avenue_Ultra_4dr,0,0,0,40720,36927,3.8,6,240,18,28,3909,114,207,75
Cadillac_Deville_4dr,0,0,0,45445,41650,4.6,8,275,18,26,3984,115,207,74
Cadillac_Deville_DTS_4dr,0,0,0,50595,46362,4.6,8,300,18,26,4044,115,207,74
Cadillac_Seville_SLS_4dr,0,0,0,47955,43841,4.6,8,275,18,26,3992,112,201,75
Infiniti_M45_4dr,0,0,1,42845,38792,4.5,8,340,17,23,3851,110,197,70
Infiniti_Q45_Luxury_4dr,0,0,1,52545,47575,4.5,8,340,17,23,3977,113,200,73
Jaguar_S-Type_3.0_4dr,0,0,1,43895,40004,3.0,6,235,18,26,3777,115,192,72
Jaguar_S-Type_4.2_4dr,0,0,1,49995,45556,4.2,8,294,18,28,3874,115,192,72
Jaguar_S-Type_R_4dr,0,0,1,63120,57499,4.2,8,390,17,24,4046,115,192,72
Jaguar_Vanden_Plas_4dr,0,0,1,68995,62846,4.2,8,294,18,28,3803,119,200,73
Jaguar_XJ8_4dr,0,0,1,59995,54656,4.2,8,294,18,28,3803,119,200,73
Jaguar_XJR_4dr,0,0,1,74995,68306,4.2,8,390,17,24,3948,119,200,73
Lexus_GS_300_4dr,0,0,1,41010,36196,3.0,6,220,18,25,3649,110,189,71
Lexus_GS_430_4dr,0,0,1,48450,42232,4.3,8,300,18,23,3715,110,189,71
Lexus_LS_430_4dr,0,0,1,55750,48583,4.3,8,290,18,25,3990,115,197,72
Lincoln_LS_V8_Sport_4dr,0,0,1,40095,36809,3.9,8,280,17,24,3768,115,194,73
Lincoln_LS_V8_Ultimate_4dr,0,0,1,43495,39869,3.9,8,280,17,24,3768,115,194,73
Lincoln_Town_Car_Signature_4dr,0,0,1,41815,38418,4.6,8,239,17,25,4369,118,215,78
Lincoln_Town_Car_Ultimate_4dr,0,0,1,44925,41217,4.6,8,239,17,25,4369,118,215,78
Lincoln_Town_Car_Ultimate_L_4dr,0,0,1,50470,46208,4.6,8,239,17,25,4474,124,221,78
Mercedes-Benz_C32_AMG_4dr,0,0,1,52120,48522,3.2,6,349,16,21,3540,107,178,68
Mercedes-Benz_CL500_2dr,0,0,1,94820,88324,5.0,8,302,16,24,4085,114,196,73
Mercedes-Benz_CL600_2dr,0,0,1,128420,119600,5.5,12,493,13,19,4473,114,196,73
Mercedes-Benz_CLK320_coupe_2dr(convertible),0,0,1,45707,41966,3.2,6,215,20,26,3770,107,183,69
Mercedes-Benz_CLK500_coupe_2dr(convertible),0,0,1,52800,49104,5.0,8,302,17,22,3585,107,183,69
Mercedes-Benz_E320_4dr,0,0,1,48170,44849,3.2,6,221,19,27,3635,112,190,71
Mercedes-Benz_E500_4dr,0,0,1,57270,53382,5.0,8,302,16,20,3815,112,190,71
Mercedes-Benz_S430_4dr,0,0,1,74320,69168,4.3,8,275,18,26,4160,122,203,73
Mercedes-Benz_S500_4dr,0,1,0,86970,80939,5.0,8,302,16,24,4390,122,203,73
Saab_9-3_Arc_convertible_2dr,0,0,0,40670,38520,2.0,4,210,21,29,3480,105,182,69
Saab_9-3_Aero_convertible_2dr,0,0,0,43175,40883,2.0,4,210,21,30,3700,105,182,69
Volkswagen_Phaeton_4dr,0,0,0,65000,59912,4.2,8,335,-1,-1,5194,118,204,75
Volkswagen_Phaeton_W12_4dr,0,0,0,75000,69130,6.0,12,420,-1,-1,5399,118,204,75
Volvo_C70_LPT_convertible_2dr,0,0,0,40565,38203,2.4,5,197,21,28,3450,105,186,72
Volvo_C70_HPT_convertible_2dr,0,0,0,42565,40083,2.3,5,242,20,26,3450,105,186,72
Volvo_S80_T6_4dr,0,0,0,45210,42573,2.9,6,268,19,26,3653,110,190,72
Acura_NSX_coupe_2dr_manual_S,1,0,1,89765,79978,3.2,6,290,17,24,3153,100,174,71
Audi_RS_6_4dr,1,0,0,84600,76417,4.2,8,450,15,22,4024,109,191,78
Audi_TT_1.8_convertible_2dr(coupe),1,0,0,35940,32512,1.8,4,180,20,28,3131,95,159,73
Audi_TT_1.8_Quattro_2dr(convertible),1,1,0,37390,33891,1.8,4,225,20,28,2921,96,159,73
Audi_TT_3.2_coupe_2dr(convertible),1,1,0,40590,36739,3.2,6,250,21,29,3351,96,159,73
BMW_M3_coupe_2dr,1,0,1,48195,44170,3.2,6,333,16,24,3415,108,177,70
BMW_M3_convertible_2dr,1,0,1,56595,51815,3.2,6,333,16,23,3781,108,177,70
BMW_Z4_convertible_2.5i_2dr,1,0,1,33895,31065,2.5,6,184,20,28,2932,98,161,70
BMW_Z4_convertible_3.0i_2dr,1,0,1,41045,37575,3.0,6,225,21,29,2998,98,161,70
Cadillac_XLR_convertible_2dr,1,0,1,76200,70546,4.6,8,320,17,25,3647,106,178,72
Chevrolet_Corvette_2dr,1,0,1,44535,39068,5.7,8,350,18,25,3246,105,180,74
Chevrolet_Corvette_convertible_2dr,1,0,1,51535,45193,5.7,8,350,18,25,3248,105,180,74
Chrysler_Crossfire_2dr,1,0,1,34495,32033,3.2,6,215,17,25,3060,95,160,70
Dodge_Viper_SRT-10_convertible_2dr,1,0,1,81795,74451,8.3,10,500,-1,-1,3410,99,176,75
Ford_Mustang_2dr(convertible),1,0,1,18345,16943,3.8,6,193,20,29,3290,101,183,73
Ford_Mustang_GT_Premium_convertible_2dr,1,0,1,29380,26875,4.6,8,260,17,25,3347,101,183,73
Ford_Thunderbird_Deluxe_convert_w/hardtop_2dr,1,0,0,37530,34483,3.9,8,280,17,24,3780,107,186,72
Honda_S2000_convertible_2dr,1,0,1,33260,29965,2.2,4,240,20,25,2835,95,162,69
Hyundai_Tiburon_GT_V6_2dr,1,0,0,18739,17101,2.7,6,172,19,26,3023,100,173,69
Jaguar_XK8_coupe_2dr,1,0,1,69995,63756,4.2,8,294,18,26,3779,102,187,71
Jaguar_XK8_convertible_2dr,1,0,1,74995,68306,4.2,8,294,18,26,3980,102,187,71
Jaguar_XKR_coupe_2dr,1,0,1,81995,74676,4.2,8,390,16,23,3865,102,187,71
Jaguar_XKR_convertible_2dr,1,0,1,86995,79226,4.2,8,390,16,23,4042,102,187,71
Lexus_SC_430_convertible_2dr,1,0,1,63200,55063,4.3,8,300,18,23,3840,103,178,72
Mazda_MX-5_Miata_convertible_2dr,1,0,1,22388,20701,1.8,4,142,23,28,2387,89,156,66
Mazda_MX-5_Miata_LS_convertible_2dr,1,0,1,25193,23285,1.8,4,142,23,28,2387,89,156,66
Mazda_RX-8_4dr_automatic,1,0,1,25700,23794,1.3,-1,197,18,25,3053,106,174,-1
Mazda_RX-8_4dr_manual,1,0,1,27200,25179,1.3,-1,238,18,24,3029,106,174,-1
Mercedes-Benz_SL500_convertible_2dr,1,0,1,90520,84325,5.0,8,302,16,23,4065,101,179,72
Mercedes-Benz_SL55_AMG_2dr,1,0,1,121770,113388,5.5,8,493,14,21,4235,101,179,72
Mercedes-Benz_SL600_convertible_2dr,1,0,1,126670,117854,5.5,12,493,13,19,4429,101,179,72
Mercedes-Benz_SLK230_convertible_2dr,1,0,1,40320,37548,2.3,4,192,21,29,3055,95,158,68
Mercedes-Benz_SLK32_AMG_2dr,1,0,1,56170,52289,3.2,6,349,17,22,3220,95,158,68
Mitsubishi_Eclipse_GTS_2dr,1,0,0,25092,23456,3.0,6,210,21,28,3241,101,177,69
Mitsubishi_Eclipse_Spyder_GT_convertible_2dr,1,0,0,26992,25218,3.0,6,210,21,28,3296,101,177,69
Mitsubishi_Lancer_Evolution_4dr,1,0,0,29562,27466,2.0,4,271,18,26,3263,103,179,70
Nissan_350Z_coupe_2dr,1,0,1,26910,25203,3.5,6,287,20,26,3188,104,169,72
Nissan_350Z_Enthusiast_convertible_2dr,1,0,1,34390,31845,3.5,6,287,20,26,3428,104,169,72
Pontiac_GTO_2dr,1,0,1,33500,30710,5.7,8,340,-1,-1,3725,110,190,73
Porsche_911_Carrera_convertible_2dr(coupe),1,0,1,79165,69229,3.6,6,315,18,26,3135,93,175,70
Porsche_911_Carrera_4S_coupe_2dr(convert),1,1,0,84165,72206,3.6,6,315,17,24,3240,93,175,72
Porsche_911_Targa_coupe_2dr,1,0,1,76765,67128,3.6,6,315,18,26,3119,93,175,70
Porsche_911_GT2_2dr,1,0,1,192465,173560,3.6,6,477,17,24,3131,93,175,72
Porsche_Boxster_convertible_2dr,1,0,1,43365,37886,2.7,6,228,20,29,2811,95,170,70
Porsche_Boxster_S_convertible_2dr,1,0,1,52365,45766,3.2,6,258,18,26,2911,95,170,70
Subaru_Impreza_WRX_4dr,1,1,0,25045,23022,2.0,4,227,20,27,3085,99,174,69
Subaru_Impreza_WRX_STi_4dr,1,1,0,31545,29130,2.5,4,300,18,24,3263,100,174,69
Toyota_Celica_GT-S_2dr,1,0,0,22570,20363,1.8,4,180,24,33,2500,102,171,68
Toyota_MR2_Spyder_convertible_2dr,1,0,1,25130,22787,1.8,4,138,26,32,2195,97,153,67
Cadillac_Escaladet,2,0,0,52795,48377,5.3,8,295,14,18,5367,116,199,79
Cadillac_SRX_V8,2,0,0,46995,43523,4.6,8,320,16,21,4302,116,195,73
Chevrolet_Suburban_1500_LT,2,0,0,42735,37422,5.3,8,295,14,18,4947,130,219,79
Chevrolet_Tahoe_LT,2,1,0,41465,36287,5.3,8,295,14,18,5050,116,197,79
Dodge_Durango_SLT,2,1,0,32235,29472,4.7,8,230,15,21,4987,119,201,76
Ford_Excursion_6.8_XLT,2,1,0,41475,36494,6.8,10,310,-1,-1,7190,137,227,80
Ford_Expedition_4.6_XLT,2,0,0,34560,30468,4.6,8,232,15,19,5000,119,206,79
GMC_Envoy_XUV_SLE,2,0,0,31890,28922,4.2,6,275,15,19,4945,129,208,75
CMC_Yukon_1500_SLE,2,0,0,35725,31361,4.8,8,285,16,19,5042,116,199,79
GMC_Yukon_XL_2500_SLT,2,1,0,46265,40534,6.0,8,325,13,17,6133,130,219,79
Hummer_H2,2,1,0,49995,45815,6.0,8,316,10,12,6400,123,190,81
Isuzu_Ascender_S,2,1,0,31849,29977,4.2,6,275,15,20,4967,129,208,76
Lincoln_Navigator_Luxury,2,1,0,52775,46360,5.4,8,300,13,18,5969,119,206,80
Nissan_Pathfinder_Armada_SE,2,0,0,33840,30815,5.6,8,305,13,19,5013,123,207,79
Toyota_Sequoia_SR5,2,1,0,35695,31827,4.7,8,240,14,17,5270,118,204,78
Acura_MDX,2,1,0,36945,33337,3.5,6,265,17,23,4451,106,189,77
BMW_X3_3.0i,2,1,0,37000,33873,3.0,6,225,16,23,4023,110,180,73
BMW_X5_4.4i,2,1,0,52195,47720,4.4,8,325,16,22,4824,111,184,74
Buick_Rainier,2,1,0,37895,34357,4.2,6,275,15,21,4600,113,193,75
Buick_Rendezvous_CX,2,0,0,26545,24085,3.4,6,185,19,26,4024,112,187,74
Chevrolet_TrailBlazer_LT,2,0,0,30295,27479,4.2,6,275,16,21,4425,113,192,75
Ford_Explorer_XLT_V6,2,1,0,29670,26983,4.0,6,210,15,20,4463,114,190,72
Honda_Pilot_LX,2,1,0,27560,24843,3.5,6,240,17,22,4387,106,188,77
Isuzu_Rodeo_S,2,0,0,20449,19261,3.2,6,193,17,21,3836,106,178,70
Jeep_Grand_Cherokee_Laredo,2,0,0,27905,25686,4.0,6,195,16,21,3790,106,181,72
Kia_Sorento_LX,2,0,0,19635,18630,3.5,6,192,16,19,4112,107,180,73
Land_Rover_Range_Rover_HSE,2,1,0,72250,65807,4.4,8,282,12,16,5379,113,195,76
Lexus_GX_470,2,1,0,45700,39838,4.7,8,235,15,19,4740,110,188,74
Lexus_LX_470,2,1,0,64800,56455,4.7,8,235,13,17,5590,112,193,76
Lexus_RX_330,2,1,0,39195,34576,3.3,6,230,18,24,4065,107,186,73
Lincoln_Aviator_Ultimate,2,0,0,42915,39443,4.6,8,302,13,18,4834,114,193,76
Mercedes-Benz_G500,2,1,0,76870,71540,5.0,8,292,13,14,5423,112,186,71
Mercedes-Benz_ML500,2,1,0,46470,43268,5.0,8,288,14,17,4874,111,183,72
Mercury_Mountaineer,2,0,0,29995,27317,4.0,6,210,16,21,4374,114,190,72
Mitsubishi_Endeavor_XLS,2,1,0,30492,28330,3.8,6,215,17,21,4134,109,190,74
Mitsubishi_Montero_XLS,2,1,0,33112,30763,3.8,6,215,15,19,4718,110,190,75
Nissan_Pathfinder_SE,2,0,0,27339,25972,3.5,6,240,16,21,3871,106,183,72
Pontiac_Aztekt,2,0,0,21595,19810,3.4,6,185,19,26,3779,108,182,74
Porsche_Cayenne_S,2,1,0,56665,49865,4.5,8,340,14,18,4950,112,188,76
Saturn_VUE,2,1,0,20585,19238,2.2,4,143,21,26,3381,107,181,72
Suzuki_XL-7_EX,2,0,0,23699,22307,2.7,6,185,18,22,3682,110,187,70
Toyota_4Runner_SR5_V6,2,0,0,27710,24801,4.0,6,245,18,21,4035,110,189,74
Toyota_Highlander_V6,2,1,0,27930,24915,3.3,6,230,18,24,3935,107,185,72
Toyota_Land_Cruiser,2,1,0,54765,47986,4.7,8,325,13,17,5390,112,193,76
Volkswagen_Touareg_V6,2,1,0,35515,32243,3.2,6,220,15,20,5086,112,187,76
Volvo_XC90_T6,2,1,0,41250,38851,2.9,6,268,15,20,4638,113,189,75
Chevrolet_Tracker,2,0,0,20255,19108,2.5,6,165,19,22,2866,98,163,67
Ford_Escape_XLS,2,1,0,22515,20907,3.0,6,201,18,23,3346,103,173,70
Honda_CR-V_LX,2,1,0,19860,18419,2.4,4,160,21,25,3258,103,179,70
Honda_Element_LX,2,1,0,18690,17334,2.4,4,160,21,24,3468,101,167,72
Hyundai_Santa_Fe_GLS,2,0,0,21589,20201,2.7,6,173,20,26,3549,103,177,73
Jeep_Liberty_Sport,2,1,0,20130,18973,2.4,4,150,20,24,3826,104,174,72
Jeep_Wrangler_Sahara_convertible_2dr,2,1,0,25520,23275,4.0,6,190,16,19,3575,93,150,67
Land_Rover_Discovery_SE,2,1,0,39250,35777,4.6,8,217,12,16,4576,100,185,74
Land_Rover_Freelander_SE,2,1,0,25995,23969,2.5,6,174,18,21,3577,101,175,71
Mazda_Tribute_DX_2.0,2,1,0,21087,19742,2.0,4,130,22,25,3091,103,173,72
Mitsubishi_Outlander_LS,2,0,0,18892,17569,2.4,4,160,21,27,3240,103,179,69
Nissan_Xterra_XE_V6,2,0,0,20939,19512,3.3,6,180,17,20,3760,104,178,70
Suzuki_Vitara_LX,2,1,0,17163,16949,2.5,6,165,19,22,3020,98,163,67
Toyota_RAV4,2,1,0,20290,18553,2.4,4,161,22,27,3119,98,167,68
Audi_A6_3.0_Avant_Quattro,3,1,0,40840,37060,3.0,6,220,18,25,4035,109,192,71
Audi_S4_Avant_Quattro,3,1,0,49090,44446,4.2,8,340,15,21,3936,104,179,70
BMW_325xi_Sport,3,1,0,32845,30110,2.5,6,184,19,26,3594,107,176,69
Chevrolet_Malibu_Maxx_LS,3,0,0,22225,20394,3.5,6,200,22,30,3458,112,188,70
Chrysler_Pacifica,3,0,1,31230,28725,3.5,6,250,17,23,4675,116,199,79
Ford_Focus_ZTW,3,0,0,17475,16375,2.0,4,130,26,33,2702,103,178,67
Ford_Taurus_SE,3,0,0,22290,20457,3.0,6,155,19,26,3497,109,198,73
Infiniti_FX35,3,0,1,34895,31756,3.5,6,280,16,22,4056,112,189,76
Infiniti_FX45,3,1,0,36395,33121,4.5,8,315,15,19,4309,112,189,76
Kia_Rio_Cinco,3,0,0,11905,11410,1.6,4,104,26,33,2447,95,167,66
Lexus_IS_300_SportCross,3,0,1,32455,28647,3.0,6,215,18,24,3410,105,177,68
Mercedes-Benz_C240,3,0,1,33780,31466,2.6,6,168,19,25,3470,107,179,68
Mercedes-Benz_E320,3,0,1,50670,47174,3.2,6,221,19,27,3966,112,190,71
Mercedes-Benz_E500,3,1,0,60670,56474,5.0,8,302,16,24,4230,112,190,71
Mercury_Sable_GS,3,0,0,22595,20748,3.0,6,155,19,26,3488,109,198,73
Mitsubishi_Lancer_Sportback_LS,3,0,0,17495,16295,2.4,4,160,-1,-1,3020,102,181,67
Nissan_Murano_SL,3,0,1,28739,27300,3.5,6,245,20,25,3801,111,188,74
Pontiac_Vibe,3,0,1,17045,15973,1.8,4,130,29,36,2701,102,172,70
Saab_9-5_Aero,3,0,0,40845,38376,2.3,4,250,19,29,3620,106,190,71
Saturn_L300_2,3,0,0,23560,21779,2.2,4,140,24,34,3109,107,190,69
Scion_xB,3,0,0,14165,13480,1.5,4,108,31,35,2425,98,155,67
Subaru_Forester_X,3,1,0,21445,19646,2.5,4,165,21,28,3090,99,175,68
Subaru_Outback,3,1,0,23895,21773,2.5,4,165,21,28,3430,104,187,69
Suzuki_Aerio_SX,3,1,0,16497,16291,2.3,4,155,24,29,2932,98,167,68
Toyota_Matrix_XR,3,0,0,16695,15156,1.8,4,130,29,36,2679,102,171,70
Volkswagen_Jetta_GL,3,0,0,19005,17427,2.0,4,115,24,30,3034,99,174,68
Volkswagen_Passat_GLS_1.8T,3,0,0,24955,22801,1.8,4,170,22,31,3338,106,184,69
Volkswagen_Passat_W8,3,0,0,40235,36956,4.0,8,270,18,25,4067,106,184,69
Volvo_V40,3,0,0,26135,24641,1.9,4,170,22,29,2822,101,180,68
Volvo_XC70,3,1,0,35145,33112,2.5,5,208,20,27,3823,109,186,73
Chevrolet_Astro,4,1,0,26395,23954,4.3,6,190,14,17,4605,111,190,78
Chevrolet_Venture_LS,4,0,0,27020,24518,3.4,6,185,19,26,3699,112,187,72
Chrysler_Town_and_Country_LX,4,0,0,27490,25371,3.3,6,180,19,26,4068,119,201,79
Chrysler_Town_and_Country_Limited,4,0,0,38380,35063,3.8,6,215,18,25,4331,119,201,79
Dodge_Caravan_SE,4,0,0,21795,20508,2.4,4,150,20,26,3862,113,189,79
Dodge_Grand_Caravan_SXT,4,1,0,32660,29812,3.8,6,215,18,25,4440,119,201,79
Ford_Freestar_SE,4,0,0,26930,24498,3.9,6,193,17,23,4275,121,201,77
GMC_Safari_SLE,4,0,1,25640,23215,4.3,6,190,16,20,4309,111,190,78
Honda_Odyssey_LX,4,0,0,24950,22498,3.5,6,240,18,25,4310,118,201,76
Honda_Odyssey_EX,4,0,0,27450,24744,3.5,6,240,18,25,4365,118,201,76
Kia_Sedona_LX,4,0,0,20615,19400,3.5,6,195,16,22,4802,115,194,75
Mazda_MPV_ES,4,0,0,28750,26600,3.0,6,200,18,25,3812,112,188,72
Mercury_Monterey_Luxury,4,0,0,33995,30846,4.2,6,201,16,23,4340,121,202,77
Nissan_Quest_S,4,0,0,24780,22958,3.5,6,240,19,26,4012,124,204,78
Nissan_Quest_SE,4,0,0,32780,30019,3.5,6,240,18,25,4175,124,204,78
Oldsmobile_Silhouette_GL,4,0,0,28790,26120,3.4,6,185,19,26,3948,120,201,72
Pontiac_Montana,4,0,0,23845,21644,3.4,6,185,19,26,3803,112,187,72
Pontiac_Montana_EWB,4,1,0,31370,28454,3.4,6,185,18,24,4431,121,201,72
Toyota_Sienna_CE,4,0,0,23495,21198,3.3,6,230,19,27,4120,119,200,77
Toyota_Sienna_XLE_Limited,4,0,0,28800,25690,3.3,6,230,19,27,4165,119,200,77
Cadillac_Escalade_EXT,5,1,0,52975,48541,6.0,8,345,13,17,5879,130,-1,-1
Chevrolet_Avalanche_1500,5,1,0,36100,31689,5.3,8,295,14,18,5678,130,-1,-1
Chevrolet_Colorado_Z85,5,1,0,18760,17070,2.8,4,175,18,23,3623,111,-1,-1
Chevrolet_Silverado_1500_Regular_Cab,5,0,1,20310,18480,4.3,6,200,15,21,4142,119,-1,-1
Chevrolet_Silverado_SS,5,1,0,40340,35399,6.0,8,300,13,17,4804,144,-1,-1
Chevrolet_SSR,5,0,1,41995,39306,5.3,8,300,16,19,4760,116,-1,-1
Dodge_Dakota_Regular_Cab,5,0,1,17630,16264,3.7,6,210,16,22,3714,112,-1,-1
Dodge_Dakota_Club_Cab,5,0,1,20300,18670,3.7,6,210,16,22,3829,131,-1,-1
Dodge_Ram_1500_Regular_Cab_ST,5,0,1,20215,18076,3.7,6,215,16,21,4542,121,-1,-1
Ford_F-150_Regular_Cab_XL,5,0,1,22010,19490,4.6,8,231,15,19,4788,126,-1,-1
Ford_F-150_Supercab_Lariat,5,1,0,33540,29405,5.4,8,300,14,18,5464,133,-1,-1
Ford_Ranger_2.3_XL_Regular_Cab,5,0,1,14385,13717,2.3,4,143,24,29,3028,111,-1,-1
GMC_Canyon_Z85_SL_Regular_Cab,5,0,1,16530,14877,2.8,4,175,19,24,3351,111,-1,-1
GMC_Sierra_Extended_Cab_1500,5,0,1,25717,22604,4.8,8,285,17,20,4548,144,-1,-1
GMC_Sierra_HD_2500,5,1,0,29322,25759,6.0,8,300,-1,-1,5440,133,-1,-1
GMC_Sonoma_Crew_Cab,5,1,0,25395,23043,4.3,6,190,15,19,4083,123,-1,-1
Mazda_B2300_SX_Regular_Cab,5,0,1,14840,14070,2.3,4,143,24,29,2960,112,-1,-1
Mazda_B4000_SE_Cab_Plus,5,1,0,22350,20482,4.0,6,207,15,19,3571,126,-1,-1
Nissan_Frontier_King_Cab_XE_V6,5,1,0,19479,18253,3.3,6,180,17,20,3932,116,-1,-1
Nissan_Titan_King_Cab_XE,5,1,0,26650,24926,5.6,8,305,14,18,5287,140,-1,-1
Subaru_Baja,5,1,0,24520,22304,2.5,4,165,21,28,3485,104,-1,-1
Toyota_Tacoma,5,0,1,12800,11879,2.4,4,142,22,27,2750,103,-1,-1
Toyota_Tundra_Regular_Cab_V6,5,0,1,16495,14978,3.4,6,190,16,20,3925,128,-1,-1
Toyota_Tundra_Access_Cab_V6_SR5,5,1,0,25935,23520,3.4,6,190,14,17,4435,128,-1,-1
