Team First Last             Ag    G   AB    R    H  2B 3B  HR  RBI  BB   SO    BA   OBP   SLG  SB  CS GDP HBP  SH  SF IBB  OPS
 ARI Chris Snyder           26  110  326   37   82  20  0  13   47  40   67  .252  .342  .433   0   1   9   7   3   4   3   94
 ARI Conor Jackson          25  130  415   56  118  29  1  15   60  53   50  .284  .368  .467   2   2   8   4   2   3   2  110
 ARI Orlando Hudson         29  139  517   69  152  28  9  10   63  70   87  .294  .376  .441  10   2  21   2   5   7   1  106
 ARI Mark Reynolds          23  111  366   62  102  20  4  17   62  37  129  .279  .349  .495   0   1   5   5   1   5   4  110
 ARI Stephen Drew           24  150  543   60  129  28  4  12   60  60  100  .238  .313  .370   9   0   4   3   5   8   5   72
 ARI Eric Byrnes            31  160  626  103  179  30  8  21   83  57   98  .286  .353  .460  50   7  12  10   1   4   5  104
 ARI Chris Young            23  148  569   85  135  29  3  32   68  43  141  .237  .295  .467  27   6   5   6   1   5   1   89
 ARI Carlos Quentin         24   81  229   29   49  16  0   5   31  18   54  .214  .298  .349   2   2   5  11   1   4   1   63
 ARI Chad Tracy             27   76  227   30   60  18  2   7   35  29   43  .264  .346  .454   0   0   8   1   0   3   4  100
 ARI Tony Clark             35  113  221   31   55   5  1  17   51  21   59  .249  .310  .511   0   0   8   0   0   3   3  103
 ARI Miguel Montero         23   84  214   30   48   7  0  10   37  20   35  .224  .292  .397   0   0   7   3   1   6   2   72
 ARI Scott Hairston         27   76  176   21   39  13  1   3   16  19   37  .222  .301  .358   2   0   4   1   3   0   0   66
 ARI Alberto Callaspo       24   56  144   10   31   8  0   0    7   9   14  .215  .265  .271   1   1   8   1   1   1   0   36
 ARI Justin Upton           19   43  140   17   31   8  3   2   11  11   37  .221  .283  .364   2   0   3   1   0   0   4   62
 ARI Augie Ojeda            32   57  113   16   31   2  2   1   12  15   13  .274  .354  .354   1   0   1   0   2   2   3   80
 ARI Jeff Salazar           26   38   94   13   26   6  1   1   10   9   19  .277  .340  .394   2   0   1   0   0   0   0   85
 ARI Robby Hammock          30   34   45    5   11   2  0   0    0   3    7  .244  .306  .289   0   0   3   1   0   0   0   52
 ARI Jeff Cirillo           37   28   40    6    8   4  0   0    6   4    6  .200  .273  .300   0   0   1   0   0   0   0   45
 ARI Jeff Davanon           33   13   26    5    4   2  0   0    1   5    8  .154  .303  .231   1   1   1   1   0   1   0   38
 ARI Emilio Bonifacio       22   11   23    2    5   1  0   0    2   4    3  .217  .333  .261   0   1   0   0   0   0   0   54
 ARI Brian Barden           26    8   12    0    1   0  0   0    0   0    3  .083  .083  .083   0   0   0   0   0   0   0  -58
 ARI Jason Smith            29    2    4    0    1   0  0   0    0   0    2  .250  .250  .250   0   0   0   0   0   0   0   27
 ARI Donnie Sadler          32    1    1    0    0   0  0   0    0   0    0  .000  .000  .000   0   0   0   0   0   0   0 -100
 ARI Livan Hernandez        32   33   75    9   16   1  0   1    5   0    7  .213  .211  .267   0   0   3   0   3   1   0   20
 ARI Brandon Webb           28   32   73    1    6   2  0   0    3   1   31  .082  .095  .110   0   0   3   0   8   0   0  -48
 ARI Micah Owings           24   34   60    9   20   7  1   4   15   2   16  .333  .349  .683   0   0   0   0   1   1   0  153
 ARI Doug Davis             31   32   58    3    4   0  0   0    1   1   21  .069  .085  .069   0   0   0   0   9   0   0  -60
 ARI Edgar Gonzalez         24   30   21    0    4   0  0   0    0   0    4  .190  .190  .190   0   0   0   0   3   0   0   -3
 ARI Yusmeiro Petit         22   14   16    2    1   0  0   0    0   0    8  .063  .063  .063   0   0   1   0   2   0   0  -68
 ARI Randy Johnson          43   10   15    0    1   0  0   0    0   1    7  .067  .125  .067   0   0   0   0   2   0   0  -49
 ARI Tony Pena              25   72    4    1    1   0  0   0    1   0    2  .250  .250  .250   0   0   0   0   0   0   0   27
 ARI Juan Cruz              28   50    2    0    0   0  0   0    0   0    2  .000  .000  .000   0   0   0   0   0   0   0 -100
 ARI Dustin Nippert         26   36    2    0    0   0  0   0    0   0    1  .000  .000  .000   0   0   0   0   0   0   0 -100
 ARI Byung-Hyun Kim         28    2    1    0    0   0  0   0    0   0    0  .000  .000  .000   0   0   0   0   0   0   0 -100
 ATL Brian McCann           23  139  504   51  136  38  0  18   92  35   74  .270  .320  .452   0   1  19   5   2   6   7  100
 ATL Scott Thorman          25  120  287   37   62  18  0  11   36  14   70  .216  .258  .394   1   1   6   3   1   2   3   68
 ATL Kelly Johnson          25  147  521   91  144  26 10  16   68  79  117  .276  .375  .457   9   5   8   4   2   2   3  117
 ATL Chipper Jones          35  134  513  108  173  42  4  29  102  82   75  .337  .425  .604   5   1  21   0   0   5  10  166
 ATL Edgar Renteria         31  124  494   87  164  30  1  12   57  46   77  .332  .390  .470  11   2  14   1   2   0   0  125
 ATL Matt Diaz              29  135  358   44  121  21  0  12   45  16   63  .338  .368  .497   4   0   8   4   1   5   3  124
 ATL Andruw Jones           30  154  572   83  127  27  2  26   94  70  138  .222  .311  .413   5   2  16   8   0   9   4   88
 ATL Jeff Francoeur         23  162  642   84  188  40  0  19  105  42  129  .293  .338  .444   5   2  14   5   0   7   5  103
 ATL Willie Harris          29  117  344   56   93  20  8   2   32  40   71  .270  .349  .392  17  11   3   3   1   3   0   94
 ATL Yunel Escobar          24   94  319   54  104  25  0   5   28  27   44  .326  .385  .451   5   3   6   5   2   2   1  119
 ATL Mark Teixeira          27   54  208   38   66   9  1  17   56  27   46  .317  .404  .615   0   0   2   4   0   1   3  163
 ATL Jarrod Saltalamacchia  22   47  141   11   40   6  0   4   12  10   28  .284  .333  .411   0   0   4   1   0   1   1   94
 ATL Chris Woodward         31   92  136   16   27   6  1   1    8  10   29  .199  .252  .279   1   0   3   0   4   1   1   39
 ATL Pete Orr               28   57   65   11   13   1  0   0    2   3   14  .200  .235  .215   1   0   1   0   1   0   0   20
 ATL Martin Prado           23   28   59    5   17   3  0   0    2   3    6  .288  .323  .339   0   0   0   0   0   0   0   74
 ATL Craig Wilson           30   24   58    6   10   2  0   1    2   8   25  .172  .304  .259   0   0   0   3   0   0   0   50
 ATL Ryan Langerhans        27   20   44    3    3   1  0   0    1   6   16  .068  .192  .091   0   1   3   1   0   1   1  -22
 ATL Julio Franco           48   15   40    1   10   3  0   0    8   4   10  .250  .311  .325   0   0   1   0   0   1   1   68
 ATL Brayan Pena            25   16   33    2    7   0  0   1    3   0    3  .212  .212  .303   0   1   2   0   0   0   0   33
 ATL Corky Miller           31   12   27    3    7   2  0   1    4   1    5  .259  .310  .444   0   0   1   1   0   0   0   95
 ATL Brandon Jones          23    5   19    0    3   1  0   0    4   0    8  .158  .190  .211   0   0   0   1   0   1   0    5
 ATL Clint Sammons          24    2    3    0    2   1  0   0    0   0    0  .667  .667 1.000   0   0   1   0   0   0   0  330
 ATL Tim Hudson             31   32   76    6   20   3  0   0    9   3   18  .263  .291  .303   0   0   1   0   4   0   0   56
 ATL John Smoltz            40   30   54    1    5   1  0   0    2   1   19  .093  .109  .111   0   0   0   0  13   0   0  -42
 ATL Chuck James            25   34   53    3    6   1  0   0    2   2   16  .113  .145  .132   0   0   1   0   8   0   0  -26
 ATL Buddy Carlyle          29   21   36    4    5   0  0   0    3   0   12  .139  .139  .139   0   0   1   0   7   0   0  -27
 ATL Kyle Davies            23   16   26    3    5   1  0   1    4   2   12  .192  .250  .346   0   0   0   0   2   0   0   54
 ATL Jo-Jo Reyes            22   14   19    1    3   0  0   0    0   0    7  .158  .158  .158   0   0   0   0   4   0   0  -17
 ATL Lance Cormier          26   10   16    0    0   0  0   0    0   1    7  .000  .059  .000   0   0   0   0   0   0   0  -83
 ATL Mark Redman            33    5    5    1    0   0  0   0    0   1    3  .000  .167  .000   0   0   0   0   0   0   0  -51
 ATL Jeff Bennett           27    3    4    0    0   0  0   0    0   0    2  .000  .000  .000   0   0   0   0   0   0   0 -100
 ATL Peter Moylan           28   77    4    0    0   0  0   0    0   1    3  .000  .200  .000   0   0   1   0   0   0   0  -41
 ATL Oscar Villarreal       25   48    4    0    1   0  0   0    0   0    1  .250  .250  .250   0   0   0   0   1   0   0   32
 ATL Anthony Lerew          24    2    3    0    0   0  0   0    0   0    0  .000  .000  .000   0   0   0   0   0   0   0 -100
 ATL Ron Mahay              36   30    1    0    0   0  0   0    0   0    0  .000  .000  .000   0   0   0   0   0   0   0 -100
 ATL Tyler Yates            29   72    1    0    0   0  0   0    0   0    1  .000  .000  .000   0   0   0   0   0   0   0 -100
 PHI Carlos Ruiz            28  115  374   42   97  29  2   6   54  42   49  .259  .340  .396   6   1  17   5   5   3  10   86
 PHI Ryan Howard            27  144  529   94  142  26  0  47  136 107  199  .268  .392  .584   1   0  13   5   0   7  35  144
 PHI Chase Utley            28  132  530  104  176  48  5  22  103  50   89  .332  .410  .566   9   1   7  25   1   7   1  145
 PHI Abraham Nunez          31  136  252   24   59  10  1   0   16  30   48  .234  .318  .282   2   0  10   1   4   0   5   54
 PHI Jimmy Rollins          28  162  716  139  212  38 20  30   94  49   85  .296  .344  .531  41   6  11   7   0   6   5  118
 PHI Pat Burrell            30  155  472   77  121  26  0  30   97 114  120  .256  .400  .502   0   0  10   4   0   8   1  127
 PHI Aaron Rowand           29  161  612  105  189  45  0  27   89  47  119  .309  .374  .515   6   3  18  19   2   4   3  123
 PHI Shane Victorino        26  131  456   78  128  23  3  12   46  37   62  .281  .347  .423  37   4  10  10   5   2   1   94
 PHI Greg Dobbs             28  142  324   45   88  20  4  10   55  29   67  .272  .330  .451   3   0   7   1   0   4   4   96
 PHI Wes Helms              31  112  280   21   69  19  0   5   39  19   62  .246  .297  .368   0   0  10   3   2   4   2   68
 PHI Jayson Werth           28   94  255   43   76  11  3   8   49  44   73  .298  .404  .459   7   1   0   2   2   1   1  119
 PHI Tadahito Iguchi        32   45  138   22   42  10  0   3   12  13   23  .304  .361  .442   6   1   1   1   1   3   0  103
 PHI Chris Coste            34   48  129   15   36   3  0   5   22   4   20  .279  .311  .419   0   0   1   2   2   0   1   83
 PHI Rod Barajas            31   48  122   16   28   8  0   4   10  21   24  .230  .352  .393   0   1   5   2   1   0   3   89
 PHI Michael Bourn          24  105  119   29   33   3  3   1    6  13   21  .277  .348  .378  18   1   1   0   1   0   2   85
 PHI Chris Roberson         27   28   28    6    8   0  0   0    1   1    4  .286  .310  .286   2   0   0   0   0   0   0   53
 PHI Pete LaForest          29   14   11    2    1   0  0   0    1   2    4  .091  .231  .091   0   0   1   0   0   0   0  -13
 PHI Russell Branyan        31    7    9    2    2   0  0   2    5   0    6  .222  .222  .889   0   0   0   0   0   0   0  163
 PHI Jamie Moyer            44   33   73    4    9   2  0   0    2   2   26  .123  .147  .151   0   0   1   0   8   0   0  -24
 PHI Cole Hamels            23   29   64    7    9   2  0   0    2   2   26  .141  .164  .172   0   0   0   0   5   1   0  -14
 PHI Adam Eaton             29   34   62    4   13   1  0   1    5   3   22  .210  .246  .274   0   0   0   0   6   0   0   32
 PHI Kyle Kendrick          22   19   39    6    6   0  0   0    2   3   17  .154  .244  .154   0   0   0   2   5   1   0    5
 PHI J.D. Durbin            25   18   19    3    5   1  0   0    0   0    5  .263  .263  .316   0   0   0   0   3   0   0   46
 PHI Freddy Garcia          32   10   17    1    4   1  0   0    2   2    7  .235  .300  .294   0   0   1   0   2   1   0   52
 PHI Jon Lieber             37   12   17    2    1   0  0   0    1   4    8  .059  .238  .059   0   0   0   0   1   0   0  -19
 PHI Kyle Lohse             28   13   16    0    3   0  0   0    1   1    5  .188  .278  .188   0   0   0   1   5   0   0   22
 PHI Brett Myers            26   51    6    1    0   0  0   0    0   2    4  .000  .250  .000   0   0   0   0   1   0   0  -28
 PHI Clay Condrey           31   38    4    0    0   0  0   0    0   0    3  .000  .000  .000   0   0   0   0   0   0   0 -100
 PHI Geoff Geary            30   54    4    0    0   0  0   0    0   0    3  .000  .000  .000   0   0   0   0   0   0   0 -100
 PHI John Ennis             27    3    3    0    1   0  0   0    0   0    1  .333  .333  .333   0   0   1   0   0   0   0   70
 PHI Ryan Madson            26   36    3    0    0   0  0   0    0   0    2  .000  .000  .000   0   0   0   0   1   0   0 -100
 PHI Zack Segovia           24    1    2    0    0   0  0   0    0   0    0  .000  .000  .000   0   0   0   0   0   0   0 -100
 PHI Antonio Alfonseca      35   60    1    0    0   0  0   0    0   0    0  .000  .000  .000   0   0   0   0   0   0   0 -100
 PHI J.A. Happ              24    1    1    0    0   0  0   0    0   0    1  .000  .000  .000   0   0   0   0   0   0   0 -100
 PHI J.C. Romero            31   51    1    0    0   0  0   0    0   0    0  .000  .000  .000   0   0   0   0   0   0   0 -100
 COL Yorvit Torrealba       28  113  396   47  101  22  1   8   47  34   73  .255  .323  .376   2   1  19   6   6   1   1   75
 COL Todd Helton            33  154  557   86  178  42  2  17   91 116   74  .320  .434  .494   0   1  15   2   0   7  16  133
 COL Kazuo Matsui           31  104  410   84  118  24  6   4   37  34   69  .288  .342  .405  32   4   1   0   8   1   1   87
 COL Garrett Atkins         27  157  605   83  182  35  1  25  111  67   96  .301  .367  .486   3   1  16   2   0  10   3  112
 COL Troy Tulowitzki        22  155  609  104  177  33  5  24   99  57  130  .291  .359  .479   7   6  14   9   5   2   3  108
 COL Matt Holliday          27  158  636  120  216  50  6  36  137  63  126  .340  .405  .607  11   4  23  10   0   4   7  150
 COL Willy Taveras          25   97  372   64  119  13  2   2   24  21   55  .320  .367  .382  33   9   1   7   7   1   0   89
 COL Brad Hawpe             28  152  516   80  150  33  4  29  116  81  137  .291  .387  .539   0   2  13   3   1   5  11  129
 COL Ryan Spilborghs        27   97  264   40   79  14  1  11   51  28   45  .299  .363  .485   4   1   5   2   0   6   1  111
 COL Jamey Carroll          33  108  227   45   51   9  1   2   22  28   34  .225  .317  .300   6   2   2   4   6   3   1   56
 COL Chris Iannetta         24   67  197   22   43   8  3   4   27  29   58  .218  .330  .350   0   0   3   5   1   2   3   71
 COL Jeff Baker             26   85  144   17   32   2  2   4   12  13   40  .222  .296  .347   0   0   7   2   0   0   1   61
 COL Cory Sullivan          27   72  140   19   40   6  1   2   14   9   25  .286  .336  .386   2   0   5   2   1   1   1   81
 COL Steve Finley           42   43   94    9   17   3  0   1    2   8    4  .181  .245  .245   0   0   2   0   0   0   1   24
 COL Omar Quintanilla       25   27   70    6   16   4  0   0    5   5   15  .229  .280  .286   0   0   3   0   0   0   0   43
 COL Ian Stewart            22   35   43    3    9   4  0   1    9   1   17  .209  .261  .372   0   0   0   2   0   0   0   57
 COL Clint Barmes           28   27   37    5    8   3  0   0    1   1   13  .216  .237  .297   0   0   1   0   1   0   1   33
 COL John Mabry             36   28   34    4    4   1  0   1    5   5   10  .118  .231  .235   0   0   1   0   0   0   0   18
 COL Geronimo Gil           31    5   14    1    1   0  0   0    0   1    5  .071  .133  .071   0   0   1   0   1   0   0  -46
 COL Joe Koshansky          25   17   12    0    1   1  0   0    2   2    5  .083  .200  .167   0   0   0   0   0   1   0   -6
 COL Seth Smith             24    7    8    4    5   0  1   0    0   0    1  .625  .625  .875   0   0   0   0   0   0   0  271
 COL Sean Barker            27    3    2    0    0   0  0   0    0   0    1  .000  .333  .000   0   0   0   1   0   0   0   -5
 COL Edwin Bellorin         25    3    2    0    0   0  0   0    0   0    0  .000  .000  .000   0   0   1   0   0   0   0 -100
 COL Jeff Francis           26   33   64    2   12   3  0   0    3   2   20  .188  .212  .234   0   0   1   0  13   0   0   12
 COL Josh Fogg              30   28   53    3    7   0  0   0    1   1   19  .132  .148  .132   0   0   2   0   9   0   0  -29
 COL Aaron Cook             28   23   42    8   10   3  0   0    1   4   14  .238  .319  .310   0   0   1   1  13   0   0   59
 COL Jason Hirsh            25   17   31    0    3   0  0   0    2   1   17  .097  .125  .097   0   0   1   0   2   0   0  -43
 COL Ubaldo Jimenez         23   15   24    0    2   0  0   0    0   3    6  .083  .185  .083   0   0   0   0   4   0   0  -29
 COL Taylor Buchholz        25   38   23    0    3   0  0   0    1   2   11  .130  .200  .130   0   0   0   0   1   0   0  -14
 COL Rodrigo Lopez          31   13   22    0    1   0  0   0    0   1   13  .045  .087  .045   0   0   1   0   1   0   0  -65
 COL Franklin Morales       21    8   13    1    4   0  0   0    1   1    5  .308  .357  .308   0   0   0   0   1   0   0   70
 COL Mark Redman            33    5    8    0    0   0  0   0    0   0    1  .000  .000  .000   0   0   0   0   0   0   0 -100
 COL Elmer Dessens          36    5    6    2    0   0  0   0    0   2    2  .000  .250  .000   0   0   0   0   1   0   0  -29
 COL Matt Herges            37   35    6    0    0   0  0   0    0   0    5  .000  .000  .000   0   0   0   0   0   0   0 -100
 COL Alberto Arias          23    6    2    0    0   0  0   0    0   0    2  .000  .000  .000   0   0   0   0   0   0   0 -100
 COL Byung-Hyun Kim         28    3    2    0    0   0  0   0    0   0    1  .000  .000  .000   0   0   0   0   0   0   0 -100
 COL Denny Bautista         26    9    1    0    0   0  0   0    0   0    1  .000  .000  .000   0   0   0   0   0   0   0 -100
 COL Tim Harikkala          35    1    1    0    1   0  0   0    1   0    0 1.000 1.000 1.000   0   0   0   0   0   0   0  405
 COL LaTroy Hawkins         34   59    1    0    0   0  0   0    0   0    1  .000  .000  .000   0   0   0   0   0   0   0 -100
 COL Tom Martin             37   23    1    0    0   0  0   0    0   0    0  .000  .000  .000   0   0   1   0   1   0   0 -100
 COL Zach McClellan         28   12    1    0    0   0  0   0    0   0    1  .000  .000  .000   0   0   0   0   0   0   0 -100
 COL Ramon Ortiz            34   10    1    1    1   0  0   0    1   1    0 1.000 1.000 1.000   0   0   0   0   0   0   0  405
 NYM Paul LoDuca            35  119  445   46  121  18  1   9   54  24   33  .272  .311  .378   2   0  18   6   3  10   4   80
 NYM Carlos Delgado         35  139  538   71  139  30  0  24   87  52  118  .258  .333  .448   4   0  12  11   0   6   8  103
 NYM Luis Castillo          31   50  199   37   59   8  2   1   20  24   17  .296  .371  .372  10   2   2   0   7   1   0   96
 NYM David Wright           24  160  604  113  196  42  1  30  107  94  115  .325  .416  .546  34   5  14   6   0   7   6  150
 NYM Jose Reyes             24  160  681  119  191  36 12  12   57  77   78  .280  .354  .421  78  21   6   1   5   1  13  103
 NYM Moises Alou            40   87  328   51  112  19  1  13   49  27   30  .341  .392  .524   3   0  13   2   0   3   5  138
 NYM Carlos Beltran         30  144  554   93  153  33  3  33  112  69  111  .276  .353  .525  23   2   8   2   1  10  10  126
 NYM Shawn Green            34  130  446   62  130  30  1  10   46  37   62  .291  .352  .430  11   1  14   5   1   1   4  104
 NYM Damion Easley          37   76  193   24   54   6  0  10   26  19   35  .280  .358  .466   0   1   2   5   0   1   1  114
 NYM Ruben Gotay            24   98  190   25   56  12  0   4   24  16   42  .295  .351  .421   3   3   2   1   3   1   1  102
 NYM Lastings Milledge      22   59  184   27   50   9  1   7   29  13   42  .272  .341  .446   3   2   5   7   1   1   2  105
 NYM Jose Valentin          37   51  166   18   40  11  1   3   18  15   28  .241  .302  .373   2   1   5   0   1   1   4   76
 NYM Endy Chavez            29   71  150   20   43   7  2   1   17   9   16  .287  .325  .380   5   2   5   0   5   1   0   84
 NYM Ramon Castro           31   52  144   24   41   6  0  11   31  10   39  .285  .331  .556   0   0   1   1   0   2   0  127
 NYM Carlos Gomez           21   58  125   14   29   3  0   2   12   8   27  .232  .288  .304  12   3   0   3   0   3   2   56
 NYM David Newhan           33   56   74    9   15   1  1   1    6   8   19  .203  .289  .284   2   0   1   1   0   0   0   51
 NYM Marlon Anderson        33   43   69   14   22   7  0   3   25   5   12  .319  .355  .551   3   1   2   0   1   2   1  133
 NYM Julio Franco           48   40   50    7   10   0  0   1    8  10   13  .200  .328  .260   2   1   1   0   0   1   0   57
 NYM Jeff Conine            41   21   41    2    8   2  0   0    5   7    8  .195  .306  .244   0   0   1   0   1   1   2   47
 NYM Mike Difelice          38   16   40    1   10   2  1   0    5   2   12  .250  .311  .350   0   0   2   2   2   1   0   73
 NYM Ricky Ledee            33   17   36    6    8   3  0   1    6   5   10  .222  .310  .389   1   0   0   0   1   1   1   82
 NYM Ben Johnson            26    9   27    2    5   1  0   0    1   2   11  .185  .233  .222   0   0   0   0   0   1   0   21
 NYM Sandy Alomar           41    8   22    1    3   1  0   0    0   0    3  .136  .136  .182   0   0   0   0   0   0   0  -17
 NYM Chip Ambres            27    3    3    0    1   0  0   0    1   0    1  .333  .333  .333   0   0   0   0   0   0   0   76
 NYM Anderson Hernandez     24    4    3    1    1   0  0   0    0   0    1  .333  .333  .333   0   0   0   0   0   0   0   76
 NYM Tom Glavine            41   33   56    3   12   1  0   0    4   6    5  .214  .286  .232   0   0   0   0  12   1   0   38
 NYM Oliver Perez           25   27   56    6    9   0  0   0    1   0   15  .161  .161  .161   0   1   0   0   6   0   0  -15
 NYM John Maine             26   33   55    4    6   0  0   1    3   5   28  .109  .194  .164   0   0   0   1  14   1   0   -5
 NYM Orlando Hernandez      41   27   48    1    8   2  0   0    3   0   18  .167  .167  .208   2   0   0   0   6   0   0   -2
 NYM Jorge Sosa             30   41   25    0    5   2  0   0    1   3    9  .200  .286  .280   0   0   0   0   2   0   0   50
 NYM Mike Pelfrey           23   15   21    1    2   1  0   0    0   1    9  .095  .136  .143   0   0   0   0   0   0   0  -26
 NYM Brian Lawrence         31    6   12    1    3   0  0   0    3   0    4  .250  .250  .250   0   0   0   0   0   0   0   32
 NYM Pedro Martinez         35    5    9    1    1   1  0   0    0   0    6  .111  .111  .222   0   0   0   0   2   0   0  -15
 NYM Aaron Sele             37   31    4    0    0   0  0   0    0   1    1  .000  .200  .000   0   0   0   0   1   0   0  -41
 NYM Jason Vargas           24    2    2    0    0   0  0   0    0   0    0  .000  .000  .000   0   0   0   0   1   0   0 -100
 NYM Philip Humber          24    3    1    0    0   0  0   0    0   0    0  .000  .000  .000   0   0   0   0   1   0   0 -100
 NYM Guillermo Mota         33   50    1    0    0   0  0   0    0   0    0  .000  .000  .000   0   0   0   0   0   0   0 -100
 NYM Chan HoPark            34    1    1    0    0   0  0   0    0   0    1  .000  .000  .000   0   0   0   0   0   0   0 -100
 NYM Joe Smith              23   52    1    0    0   0  0   0    0   0    1  .000  .000  .000   0   0   0   0   0   0   0 -100
 NYM Dave Williams          28    2    1    0    0   0  0   0    0   0    1  .000  .000  .000   0   0   0   0   0   0   0 -100
 MIL Johnny Estrada         31  120  442   40  123  25  0  10   54  12   43  .278  .296  .403   0   0  16   2   1   7   3   78
 MIL Prince Fielder         23  158  573  109  165  35  2  50  119  90  121  .288  .395  .618   2   2   9  14   0   4  21  156
 MIL Rickie Weeks           24  118  409   87   96  21  6  16   36  78  116  .235  .374  .433  25   2   3  14   3   2   5  108
 MIL Ryan Braun             23  113  451   91  146  26  6  34   97  29  112  .324  .370  .634  15   5  13   7   0   5   1  153
 MIL J.J. Hardy             24  151  592   89  164  30  1  26   80  40   73  .277  .323  .463   2   3  13   1   4   1   1  100
 MIL Geoff Jenkins          32  132  420   45  107  24  2  21   64  32  116  .255  .319  .471   2   2   9   9   0   3  10  101
 MIL Bill Hall              27  136  452   59  115  35  0  14   63  40  128  .254  .315  .425   4   5   9   3   1   7   1   89
 MIL Corey Hart             25  140  505   86  149  33  9  24   81  36   99  .295  .353  .539  23   7   6  13   5   7   3  126
 MIL Kevin Mench            29  101  288   39   77  20  3   8   37  16   21  .267  .305  .441   3   1   3   1   0   3   2   90
 MIL Craig Counsell         36  122  282   31   62  12  2   3   24  41   47  .220  .323  .309   4   2   7   3   6   2   4   65
 MIL Tony Graffanino        35   86  231   34   55   8  0   9   30  24   44  .238  .315  .390   0   1   7   3   0   2   6   81
 MIL Damian Miller          37   58  186   19   44   9  0   4   24  14   39  .237  .296  .349   1   0   8   3   0   3   0   66
 MIL Gabe Gross             27   93  183   28   43  12  2   7   24  25   37  .235  .329  .437   3   1   1   1   0   1   2   95
 MIL Tony Gwynn             24   69  123   13   32   3  2   0   10  12   24  .260  .326  .317   8   1   0   0   0   0   1   67
 MIL Joe Dillon             31   39   76   12   26   8  2   0   10   5   14  .342  .390  .500   0   0   2   1   0   0   0  128
 MIL Mike Rivera            30   11   13    2    3   0  0   2    3   1    3  .231  .286  .692   0   0   0   0   1   0   0  141
 MIL Laynce Nix             26   10   12    0    0   0  0   0    0   0    4  .000  .000  .000   0   0   0   0   0   0   0 -100
 MIL Vinny Rottino          27    8    9    0    2   1  0   0    3   0    1  .222  .222  .333   0   0   0   0   0   0   0   41
 MIL Mel Stocker            26    9    3    0    0   0  0   0    0   0    0  .000  .000  .000   4   0   0   0   0   0   0 -100
 MIL Jeff Suppan            32   33   61    4    8   0  0   0    2   3   16  .131  .172  .131   0   0   2   0  11   0   0  -20
 MIL David Bush             27   32   55    2    7   2  0   0    2   0   11  .127  .143  .164   0   0   2   1   6   0   0  -21
 MIL Ben Sheets             28   22   45    1    3   0  0   0    0   0   25  .067  .067  .067   0   0   0   0   6   0   0  -65
 MIL Chris Capuano          28   28   41    2    9   0  0   1    3   2   16  .220  .256  .293   0   0   1   0   5   0   0   41
 MIL Yovani Gallardo        21   20   40    5   10   3  0   2    6   1   10  .250  .268  .475   0   0   1   0   1   0   0   87
 MIL Claudio Vargas         29   27   38    1    5   1  0   0    0   0   10  .132  .132  .158   0   0   0   0   5   0   0  -26
 MIL Carlos Villanueva      23   56   13    1    1   0  0   0    0   0    3  .077  .077  .077   0   0   0   0   4   0   0  -60
 MIL Manny Parra            24    9    9    1    2   2  0   0    2   0    3  .222  .222  .444   0   0   0   0   1   0   0   66
 MIL Scott Linebrink        30   27    1    0    0   0  0   0    0   0    1  .000  .000  .000   0   0   0   0   0   0   0 -100
 MIL Matt Wise              31   53    1    0    1   0  0   0    0   0    0 1.000 1.000 1.000   0   0   0   0   0   0   0  419
 FLA Miguel Olivo           28  122  452   43  107  20  4  16   60  14  123  .237  .262  .405   3   2  13   2   0   1   2   72
 FLA Mike Jacobs            26  114  426   57  113  27  2  17   54  31  101  .265  .317  .458   1   2  12   2   0   1   3  100
 FLA Dan Uggla              27  159  632  113  155  49  3  31   88  68  167  .245  .326  .479   2   1  10  13   4  11   0  108
 FLA Miguel Cabrera         24  157  588   91  188  38  2  34  119  79  127  .320  .401  .565   2   1  17   5   1   7  23  150
 FLA Hanley Ramirez         23  154  639  125  212  48  6  29   81  52   95  .332  .386  .562  51  14  10   7   4   4   3  145
 FLA Josh Willingham        28  144  521   75  138  32  4  21   89  66  122  .265  .364  .463   8   1  11  16   0   1   1  115
 FLA Alfredo Amezaga        29  133  400   46  105  14  9   2   30  35   52  .263  .324  .358  13   7   4   4   4   5   0   79
 FLA Jeremy Hermida         23  123  429   54  127  32  1  18   63  47  105  .296  .369  .501   3   4  10   4   1   3   2  125
 FLA Aaron Boone            34   69  189   27   54  11  0   5   28  21   41  .286  .388  .423   2   0   0  13   1   4   4  113
 FLA Joe Borchard           28   85  179   20   35   9  0   4   19  21   60  .196  .287  .313   4   0   4   2   0   0   3   58
 FLA Cody Ross              26   66  173   35   58  19  0  12   39  20   38  .335  .411  .653   2   0   2   3   0   1   3  173
 FLA Matt Treanor           31   55  171   16   46   7  1   4   19  19   29  .269  .357  .392   0   0   2   5   2   1   1   97
 FLA Alejandro DeAza        23   45  144   14   33   8  2   0    8   6   37  .229  .261  .313   2   0   2   1   5   2   1   50
 FLA Todd Linden            27   85  129   15   35   7  1   1    8  14   36  .271  .347  .364   4   0   4   1   0   0   0   87
 FLA Jason Wood             37   98  117   11   28   6  0   3   26   8   38  .239  .286  .368   0   0   1   0   1   1   0   70
 FLA Reggie Abercrombie     26   35   76   16   15   3  0   2    5   2   22  .197  .238  .316   7   1   1   2   0   0   0   44
 FLA Brett Carroll          24   23   49   10    9   1  0   0    2   3   15  .184  .231  .204   0   0   1   0   1   0   0   16
 FLA Eric Reed              26   18   20    3    2   0  0   0    0   1    6  .100  .143  .100   1   0   0   0   0   0   0  -35
 FLA Robert Andino          23    7   13    0    5   1  0   0    0   0    2  .385  .385  .462   0   0   0   0   0   0   0  121
 FLA Paul Hoover            31    3    8    1    3   0  0   0    0   0    2  .375  .375  .375   0   0   0   0   0   0   0   98
 FLA John Gall              29    3    4    0    0   0  0   0    0   0    1  .000  .200  .000   0   0   1   1   0   0   0  -41
 FLA Dontrelle Willis       25   36   63   11   18   2  3   2    7   5   13  .286  .348  .508   0   1   1   1  11   0   0  121
 FLA Scott Olsen            23   32   51    3    9   3  0   0    3   1   23  .176  .192  .235   0   0   0   0   9   0   0   12
 FLA Sergio Mitre           26   24   38    0    3   1  0   0    0   2   19  .079  .125  .105   0   0   1   0   7   0   0  -39
 FLA Byung-Hyun Kim         28   21   30    0    2   1  0   0    1   2   11  .067  .125  .100   0   0   0   0   7   0   0  -40
 FLA Rick VandenHurk        22   17   23    1    1   0  0   0    0   1   12  .043  .083  .043   0   0   0   0   3   0   0  -65
 FLA Wes Obermueller        30   16   16    1    1   1  0   0    0   0    4  .063  .063  .125   0   0   0   0   3   0   0  -52
 FLA Anibal Sanchez         23    6   11    1    1   0  0   0    0   2    7  .091  .231  .091   0   0   0   0   1   0   0  -11
 FLA Daniel Barone          24   16    9    1    1   0  0   0    0   0    7  .111  .111  .111   0   0   0   0   2   0   0  -41
 FLA Ricky Nolasco          24    5    6    0    0   0  0   0    0   0    3  .000  .000  .000   0   0   0   0   1   0   0 -100
 FLA Lee Gardner            32   61    4    0    0   0  0   0    0   0    3  .000  .000  .000   0   0   0   0   0   0   0 -100
 FLA Renyel Pinto           24   54    3    0    0   0  0   0    0   0    2  .000  .000  .000   0   0   0   0   0   0   0 -100
 FLA Chris Seddon           23    7    3    0    0   0  0   0    0   0    2  .000  .000  .000   0   0   0   0   2   0   0 -100
 FLA Kevin Gregg            29   69    2    0    0   0  0   0    0   0    2  .000  .000  .000   0   0   0   0   0   0   0 -100
 FLA Josh Johnson           23    3    2    0    0   0  0   0    0   0    1  .000  .000  .000   0   0   0   0   1   0   0 -100
 FLA Justin Miller          29   58    2    0    0   0  0   0    0   0    0  .000  .000  .000   0   0   0   0   0   0   0 -100
 FLA Logan Kensing          24    9    1    0    0   0  0   0    0   0    0  .000  .000  .000   0   0   0   0   0   0   0 -100
 FLA Matt Lindstrom         27   67    1    0    0   0  0   0    0   0    1  .000  .000  .000   0   0   0   0   0   0   0 -100
 FLA Carlos Martinez        25    2    1    0    0   0  0   0    0   0    1  .000  .000  .000   0   0   0   0   0   0   0 -100
 FLA Randy Messenger        25   23    1    0    0   0  0   0    0   0    1  .000  .000  .000   0   0   0   0   1   0   0 -100
 FLA Ross Wolf              24   14    1    0    0   0  0   0    0   0    1  .000  .000  .000   0   0   0   0   0   0   0 -100
 CIN Dave Ross              30  112  311   32   63  10  0  17   39  30   92  .203  .271  .399   0   0   9   0   5   2   4   68
 CIN Scott Hatteberg        37  116  361   50  112  27  1  10   47  49   35  .310  .394  .474   0   0   8   3   1   3   6  120
 CIN Brandon Phillips       26  158  650  107  187  26  6  30   94  33  109  .288  .331  .485  32   8  26  12   2   5   4  105
 CIN Edwin Encarnacion      24  139  502   66  145  25  1  16   76  39   86  .289  .356  .438   8   1   5  14   0   1   4  101
 CIN Alex Gonzalez          30  110  393   55  107  27  1  16   55  24   75  .272  .325  .468   0   1  13   8   2   3   1   99
 CIN Adam Dunn              27  152  522  101  138  27  2  40  106 101  165  .264  .386  .554   9   2  12   5   0   4   8  136
 CIN Josh Hamilton          26   90  298   52   87  17  2  19   47  33   65  .292  .368  .554   3   3   6   4   0   2   4  131
 CIN Ken Griffey            37  144  528   78  146  24  1  30   93  85   99  .277  .372  .496   6   1  14   1   0   9  14  119
 CIN Norris Hopper          28  121  307   51  101  14  2   0   14  20   33  .329  .371  .388  14   6   8   1   6   1   1   94
 CIN Ryan Freel             31   75  277   44   68  13  3   3   16  18   47  .245  .308  .347  15   8   4   7   2   0   0   67
 CIN Javier Valentin        31   97  243   19   67  21  0   2   34  19   25  .276  .328  .387   0   0   7   1   0   2   2   82
 CIN Jeff Keppinger         27   67  241   39   80  16  2   5   32  24   12  .332  .400  .477   2   1  11   4   6   1   0  123
 CIN Jeff Conine            41   80  215   23   57  11  1   6   32  20   28  .265  .320  .409   4   0   4   0   1   6   0   84
 CIN Juan Castro            35   54   89    5   16   5  0   0    5   4   21  .180  .211  .236   0   0   2   0   3   2   0   14
 CIN Joey Votto             23   24   84   11   27   7  0   4   17   5   15  .321  .360  .548   1   0   0   0   0   0   1  127
 CIN Jorge Cantu            25   27   57    8   17   8  0   1    9   7   10  .298  .382  .491   0   0   3   2   0   2   0  121
 CIN Jason Ellison          29   37   48    7    9   1  0   1    2   5   15  .188  .278  .271   1   0   0   1   2   0   0   41
 CIN Chad Moeller           32   30   48    6    8   1  0   1    2   0   17  .167  .167  .250   0   0   2   0   1   0   0    4
 CIN Pedro Lopez            23   14   45    1    8   2  0   0    0   1   10  .178  .213  .222   0   0   0   1   0   0   0   11
 CIN Buck Coats             25   20   34    2    7   4  0   0    2   3   15  .206  .263  .324   0   0   1   0   0   1   0   49
 CIN Ryan Jorgensen         28    4   15    3    3   0  0   2    6   0    5  .200  .200  .600   0   0   0   0   0   0   0   93
 CIN Mark Bellhorn          32   13   14    2    1   0  0   0    1   4    5  .071  .278  .071   0   0   0   0   0   0   0   -4
 CIN Ryan Hanigan           26    5   10    3    3   1  0   0    2   1    2  .300  .364  .400   0   0   0   0   0   0   1   95
 CIN Dewayne Wise           29    5    5    1    1   0  1   0    1   1    1  .200  .333  .600   0   0   0   0   0   0   1  131
 CIN Enrique Cruz           25    1    1    0    0   0  0   0    0   0    0  .000  .000  .000   0   0   0   0   0   0   0 -100
 CIN Aaron Harang           29   33   74    0    7   1  0   0    2   1   28  .095  .117  .108   0   0   1   1  11   1   0  -42
 CIN Bronson Arroyo         30   33   70    5   10   2  0   1    3   2   30  .143  .178  .214   0   0   1   1   6   0   0    0
 CIN Matt Belisle           27   28   50    2    3   1  0   0    1   3   32  .060  .113  .080   1   0   1   0   8   0   0  -49
 CIN Kyle Lohse             28   19   33    1    5   0  0   0    1   1    7  .152  .171  .152   0   0   0   0   7   1   0  -17
 CIN Bobby Livingston       24   11   25    3    7   0  0   0    2   2    7  .280  .333  .280   0   0   1   0   4   0   0   59
 CIN Homer Bailey           21    8   11    3    3   1  0   0    2   0    5  .273  .273  .364   0   0   0   0   1   0   0   60
 CIN Tom Shearn             29    7   11    0    0   0  0   0    0   1    4  .000  .083  .000   0   0   1   0   1   0   0  -76
 CIN Eric Milton            31    6    7    0    1   0  0   0    2   0    2  .143  .143  .143   0   0   0   0   2   0   0  -27
 CIN Phil Dumatrait         25    6    6    0    0   0  0   0    0   0    4  .000  .000  .000   0   0   0   0   0   0   0 -100
 CIN Mike Gosling           26   22    5    0    0   0  0   0    0   0    3  .000  .000  .000   0   0   0   0   0   0   0 -100
 CIN Elizardo Ramirez       24    4    5    2    1   0  0   0    0   0    0  .200  .200  .200   1   0   0   0   0   0   0    3
 CIN Kirk Saarloos          28   34    5    1    1   1  0   0    2   0    1  .200  .200  .400   0   0   0   0   1   0   0   48
 CIN Victor Santos          30   30    3    0    0   0  0   0    0   0    1  .000  .000  .000   0   0   0   0   1   0   0 -100
 CIN Gary Majewski          27   32    2    0    0   0  0   0    0   0    2  .000  .000  .000   0   0   0   0   0   0   0 -100
 CIN Mike Stanton           40   67    2    0    0   0  0   0    0   0    0  .000  .000  .000   0   0   0   0   0   0   0 -100
 CHC Michael Barrett        30   57  211   23   54   9  0   9   29  17   36  .256  .307  .427   2   2   5   0   0   3   3   85
 CHC Derrek Lee             31  150  567   91  180  43  1  22   82  71  114  .317  .400  .513   6   5  15   9   0   3   8  131
 CHC Mark DeRosa            32  149  502   64  147  28  3  10   72  58   93  .293  .371  .420   1   2  17   7   3   4   2  102
 CHC Aramis Ramirez         29  132  506   72  157  35  4  26  101  43   66  .310  .366  .549   0   0  13   4   0   5   8  129
 CHC Ryan Theriot           27  148  537   80  143  30  2   3   45  49   50  .266  .326  .346  28   4  12   0   8   3   1   72
 CHC Alfonso Soriano        31  135  579   97  173  42  5  33   70  31  130  .299  .337  .560  19   6   9   4   0   3   4  123
 CHC Jacque Jones           32  135  453   52  129  33  2   5   66  34   70  .285  .335  .400   6   3  15   2   3   3   5   87
 CHC Cliff Floyd            34  108  282   40   80  10  1   9   45  35   47  .284  .373  .422   0   0   6   5   0   0   5  102
 CHC Matt Murton            25   94  235   35   66  13  0   8   22  26   39  .281  .352  .438   1   0   4   0   0   0   0  100
 CHC Mike Fontenot          27   86  234   32   65  12  4   3   29  22   43  .278  .336  .402   5   4   5   0   1   3   0   87
 CHC Cesar Izturis          27   65  191   15   47  11  0   0    8  13   16  .246  .298  .304   3   0   6   1   2   0   2   54
 CHC Felix Pie              22   87  177   26   38   9  3   2   20  14   43  .215  .271  .333   8   1   0   0   2   1   0   53
 CHC Jason Kendall          33   57  174   21   47  10  1   1   19  19   15  .270  .362  .356   0   3   1   6   3   0   2   84
 CHC Angel Pagan            25   71  148   21   39  10  2   4   21  10   32  .264  .306  .439   4   1   0   0   1   2   0   87
 CHC Daryle Ward            32   79  110   16   36  13  0   3   19  22   23  .327  .436  .527   0   0   6   0   0   1   8  144
 CHC Koyie Hill             28   36   93    7   15   4  0   2   12   8   18  .161  .231  .269   0   0   4   1   1   2   0   27
 CHC Ronny Cedeno           24   38   74    6   15   2  0   4   13   3   18  .203  .231  .392   2   1   0   0   2   1   0   55
 CHC Henry Blanco           35   22   54    3    9   3  0   0    4   2   12  .167  .193  .222   0   0   0   0   1   1   0    6
 CHC Geovany Soto           24   18   54   12   21   6  0   3    8   5   14  .389  .433  .667   0   0   1   0   0   1   0  175
 CHC Craig Monroe           30   23   49    6   10   4  0   1    4   6   13  .204  .291  .347   0   1   3   0   0   0   0   62
 CHC Rob Bowen              26   10   31    3    2   1  0   0    2   4   13  .065  .167  .097   0   0   2   0   0   1   0  -30
 CHC Jake Fox               24    7   14    3    2   2  0   0    1   1    2  .143  .200  .286   0   0   1   0   0   0   0   22
 CHC Eric Patterson         24    7    8    0    2   1  0   0    0   0    3  .250  .250  .375   0   0   0   0   1   0   0   56
 CHC Sam Fuld               25   14    6    3    0   0  0   0    0   3    3  .000  .333  .000   0   0   0   0   0   0   0   -4
 CHC Scott Moore            23    2    5    0    0   0  0   0    0   0    2  .000  .000  .000   0   0   0   0   0   0   0 -100
 CHC Carlos Zambrano        26   36   81    9   20   2  0   2    5   0   29  .247  .247  .346   0   0   0   0   5   0   0   49
 CHC Ted Lilly              31   33   73    5   10   1  0   0    5   1   32  .137  .149  .151   1   0   1   0   3   0   0  -23
 CHC Jason Marquis          28   39   72    9   10   3  0   1    4   1   24  .139  .151  .222   0   0   0   0   4   0   0   -7
 CHC Rich Hill              27   31   63    0    8   2  0   0    5   1   33  .127  .141  .159   0   0   1   0   3   0   0  -24
 CHC Sean Marshall          24   19   29    1    3   1  0   0    0   1   13  .103  .133  .138   0   0   0   0   4   0   0  -31
 CHC Angel Guzman           25   12    7    0    0   0  0   0    0   0    2  .000  .000  .000   0   0   0   0   0   0   0 -100
 CHC Steve Trachsel         36    4    7    0    1   0  0   0    0   0    1  .143  .143  .143   0   0   0   0   0   0   0  -27
 CHC Carlos Marmol          24   56    6    0    0   0  0   0    0   0    3  .000  .000  .000   0   0   0   0   1   0   0 -100
 CHC Wade Miller            30    3    4    0    1   0  0   0    0   0    0  .250  .250  .250   0   0   0   0   0   0   0   28
 CHC Michael Wuertz         28   71    2    0    0   0  0   0    0   0    1  .000  .000  .000   0   0   0   0   0   0   0 -100
 CHC Rocky Cherry           27   12    1    0    0   0  0   0    0   0    0  .000  .000  .000   0   0   0   0   0   0   0 -100
 CHC Ryan Dempster          30   64    1    0    0   0  0   0    0   0    0  .000  .000  .000   0   0   0   0   0   0   0 -100
 CHC Scott Eyre             35   54    1    0    0   0  0   0    0   0    0  .000  .000  .000   0   0   0   0   0   0   0 -100
 CHC Sean Gallagher         21    8    1    0    0   0  0   0    0   0    0  .000  .500  .000   0   0   0   1   0   0   0   44
 CHC Kerry Wood             30   22    1    0    0   0  0   0    0   0    1  .000  .000  .000   0   0   0   0   0   0   0 -100
 SDP Josh Bard              29  118  389   42  111  27  2   5   51  50   58  .285  .364  .404   0   1  16   0   1   3   7  107
 SDP Adrian Gonzalez        25  161  646  101  182  46  3  30  100  65  140  .282  .347  .502   0   0   6   3   0   6   9  125
 SDP Marcus Giles           29  116  420   52   96  19  3   4   39  44   82  .229  .304  .317  10   3  10   3   6   3   0   68
 SDP Kevin Kouzmanoff       25  145  484   57  133  30  2  18   74  32   94  .275  .329  .457   1   0   9  10   2   6   2  109
 SDP Khalil Greene          27  153  611   89  155  44  3  27   97  32  128  .254  .291  .468   4   0  12   5   0  11   3  100
 SDP Terrmel Sledge         30  100  200   22   42   9  0   7   23  27   60  .210  .310  .360   1   2   7   3   1   2   2   80
 SDP Mike Cameron           34  151  571   88  138  33  6  21   78  67  160  .242  .328  .431  18   5   9   8   2   3   1  103
 SDP Brian Giles            36  121  483   72  131  27  2  13   51  64   61  .271  .361  .416   4   6   8   4   0   1   5  109
 SDP Geoff Blum             34  122  330   34   83  21  1   5   33  32   52  .252  .319  .367   0   0  10   2   3   3   4   84
 SDP Jose Cruz              33   91  256   37   60  12  3   6   21  31   65  .234  .316  .375   6   1   3   0   5   1   1   86
 SDP Milton Bradley         29   42  144   31   45   5  1  11   30  23   27  .313  .414  .590   3   1   3   2   0   0   2  167
 SDP Michael Barrett        30   44  133    6   30   8  0   0   12   2   21  .226  .235  .286   0   0   5   0   0   1   0   40
 SDP Russell Branyan        31   61  122   16   24   5  1   7   19  21   48  .197  .322  .426   1   0   1   2   0   1   1  100
 SDP Scott Hairston         27   31   87   16   25   5  1   8   20   7   18  .287  .337  .644   0   0   0   0   0   1   0  156
 SDP Rob Bowen              26   30   82   12   22   8  0   2   11  13   28  .268  .371  .439   1   2   0   1   1   1   3  118
 SDP Hiram Bocachica        31   27   63    9   15   4  0   1    2   5   13  .238  .294  .349   3   2   0   0   0   0   0   73
 SDP Morgan Ensberg         31   30   58   11   13   3  0   4    8   7   19  .224  .308  .483   0   0   1   0   0   0   0  109
 SDP Rob Mackowiak          31   28   56    6   11   3  0   0    2   3   18  .196  .262  .250   1   0   2   2   0   0   0   39
 SDP Brady Clark            34   21   49    6   15   1  2   0    6   8    7  .306  .404  .408   0   1   2   0   0   0   2  120
 SDP Paul McAnulty          26   20   40    5    8   1  0   1    5   3   10  .200  .256  .300   0   0   0   0   0   0   1   49
 SDP Oscar Robles           31   24   26    0    6   0  0   0    2   2    4  .231  .286  .231   0   0   0   0   5   0   1   42
 SDP Pete LaForest          29   10   25    7    9   1  0   1    3   5    8  .360  .467  .520   0   0   0   0   0   0   1  166
 SDP Chase Headley          23    8   18    1    4   1  0   0    0   2    4  .222  .333  .278   0   0   2   1   0   0   0   68
 SDP Brian Myrow            30   12   10    0    1   1  0   0    1   1    4  .100  .250  .200   0   0   1   1   0   0   0   24
 SDP Craig Stansberry       25   11    7    1    2   0  0   0    1   0    3  .286  .375  .286   0   0   0   1   2   0   0   82
 SDP Jason Lane             30    3    2    0    0   0  0   0    0   0    1  .000  .000  .000   0   0   0   0   0   0   0 -100
 SDP Colt Morton            25    1    1    0    0   0  0   0    0   0    0  .000  .000  .000   0   0   0   0   0   0   0 -100
 SDP Jake Peavy             26   36   73    8   17   4  1   0    7   2   14  .233  .250  .315   0   0   1   0   8   1   0   51
 SDP Greg Maddux            41   33   62    2    9   2  0   0    0   1   19  .145  .159  .177   1   0   2   0   9   0   0   -9
 SDP Chris Young            28   29   46    2    6   1  0   0    2   5   15  .130  .231  .152   0   0   1   1   6   0   0    6
 SDP David Wells            44   22   38    1    4   0  0   0    0   0   12  .105  .105  .105   0   0   0   0   4   0   0  -43
 SDP Justin Germano         24   24   32    2    5   1  0   0    2   3   13  .156  .229  .188   0   0   0   0   6   0   0   14
 SDP Clay Hensley           27   13   14    0    3   0  0   0    2   0    8  .214  .214  .214   1   0   0   0   2   0   0   16
 SDP Jack Cassel            26    6    8    2    1   0  0   0    0   0    3  .125  .125  .125   0   0   1   0   0   0   0  -32
 SDP Brett Tomko            34    7    8    0    0   0  0   0    0   0    4  .000  .000  .000   0   0   0   0   0   0   0 -100
 SDP Kevin Cameron          27   47    4    0    0   0  0   0    0   0    3  .000  .000  .000   0   0   0   0   0   0   0 -100
 SDP Justin Hampson         27   37    4    0    0   0  0   0    0   0    1  .000  .000  .000   0   0   1   0   0   0   0 -100
 SDP Tim Stauffer           25    2    4    1    1   0  0   0    2   0    2  .250  .250  .250   0   0   0   0   1   0   0   36
 SDP Doug Brocail           40   64    2    0    1   0  0   0    0   0    1  .500  .500  .500   0   0   0   0   0   0   0  171
 SDP Mike Thompson          26    7    2    0    0   0  0   0    0   0    1  .000  .000  .000   0   0   0   0   0   0   0 -100
 SDP Wilfredo Ledezma       26    9    1    1    0   0  0   0    0   0    0  .000  .000  .000   0   0   0   0   0   0   0 -100
 SDP Cla Meredith           24   78    1    0    0   0  0   0    0   0    0  .000  .000  .000   0   0   0   0   0   0   0 -100
 LAD Russell Martin         24  151  540   87  158  32  3  19   87  67   89  .293  .374  .469  21   9  16   7   0   6   1  113
 LAD James Loney            23   96  344   41  114  18  4  15   67  28   48  .331  .381  .538   0   1   6   1   0   2   5  131
 LAD Jeff Kent              39  136  494   78  149  36  1  20   79  57   61  .302  .375  .500   1   3  17   5   0   6   4  121
 LAD Nomar Garciaparra      33  121  431   39  122  17  0   7   59  31   41  .283  .328  .371   3   1   6   0   0   4   5   78
 LAD Rafael Furcal          29  138  581   87  157  23  4   6   47  55   68  .270  .333  .355  25   6  11   1   2   3   3   76
 LAD Luis Gonzalez          39  139  464   70  129  23  2  15   68  56   56  .278  .359  .433   6   2  11   4   0   2   4  101
 LAD Juan Pierre            29  162  668   96  196  24  8   0   41  33   37  .293  .331  .353  64  15  10   6  20   2   0   75
 LAD Andre Ethier           25  153  447   50  127  32  2  13   64  46   68  .284  .350  .452   0   4  10   4   0   8  12  103
 LAD Matt Kemp              22   98  292   47  100  12  5  10   42  16   66  .342  .373  .521  10   5   6   0   0   3   0  125
 LAD Tony Abreu             22   59  166   19   45  14  1   2   17   7   21  .271  .309  .404   0   0   5   3   0   2   1   80
 LAD Wilson Betemit         25   84  156   22   36   8  0  10   26  32   49  .231  .359  .474   0   0   1   1   0   3   0  110
 LAD Ramon Martinez         34   67  129   10   25   4  0   0   27  11   15  .194  .248  .225   1   0   0   0   2   5   0   22
 LAD Olmedo Saenz           36   92  110    9   21   5  0   4   18  16   25  .191  .295  .345   0   0   5   2   0   4   0   63
 LAD Andy LaRoche           23   35   93   16   21   5  0   1   10  20   24  .226  .365  .312   2   1   1   1   0   1   5   75
 LAD Mike Lieberthal        35   38   77    6   18   2  0   0    1   4   11  .234  .280  .260   0   0   2   1   0   0   0   39
 LAD Wilson Valdez          29   41   74   12   16   2  1   0    7   4   12  .216  .263  .270   1   0   0   1   0   1   0   36
 LAD Shea Hillenbrand       31   20   70    6   17   0  2   1    9   2   12  .243  .257  .343   0   1   3   0   0   2   1   51
 LAD Brady Clark            34   47   58    7   13   4  0   0    5   6   11  .224  .308  .293   1   2   1   1   1   0   0   55
 LAD Delwyn Young           25   19   34    4   13   1  1   2    3   2    5  .382  .417  .647   1   0   0   0   0   0   0  166
 LAD Mark Sweeney           37   30   33    2    9   1  0   0    3   1   11  .273  .294  .303   0   0   0   0   0   0   0   53
 LAD Chin-Lung Hu           23   12   29    5    7   0  1   2    5   0    8  .241  .241  .517   0   0   0   0   2   0   0   86
 LAD Marlon Anderson        33   23   26    3    6   0  0   0    2   3    5  .231  .310  .231   1   0   0   0   0   0   0   41
 LAD Chad Moeller           32    7    8    2    1   0  0   0    0   0    1  .125  .222  .125   0   0   1   1   0   0   0   -8
 LAD Brad Penny             29   31   65    7   16   6  0   0    7   1   23  .246  .279  .338   0   0   0   2   7   0   0   57
 LAD Derek Lowe             34   31   59    2    7   0  0   0    1   5   17  .119  .185  .119   0   0   1   0   6   1   0  -20
 LAD Chad Billingsley       22   41   36    1    4   1  0   0    2   1   19  .111  .135  .139   0   0   2   0   4   0   0  -30
 LAD Randy Wolf             30   19   30    1    5   2  0   0    2   4   13  .167  .265  .233   0   0   0   0   3   0   0   29
 LAD Mark Hendrickson       33   35   27    1    1   1  0   0    1   2   10  .037  .103  .074   0   0   0   0   1   0   0  -54
 LAD Brett Tomko            34   31   23    0    0   0  0   0    1   1   16  .000  .042  .000   0   0   0   0   5   0   0  -88
 LAD David Wells            44    7   15    2    4   1  0   0    1   0    6  .267  .267  .333   0   0   0   0   0   0   0   52
 LAD Eric Stults            27   13   12    1    4   2  0   0    0   0    5  .333  .333  .500   0   0   0   0   0   0   0  109
 LAD Esteban Loaiza         35    5    7    0    1   0  0   0    2   0    2  .143  .143  .143   0   0   1   0   2   0   0  -27
 LAD Jason Schmidt          34    6    7    1    1   0  0   1    1   0    4  .143  .143  .571   0   0   0   0   1   0   0   70
 LAD Hong-Chih Kuo          25    5    6    1    1   0  0   1    1   0    3  .167  .167  .667   0   0   0   0   2   0   0   98
 LAD Joe Beimel             30   80    1    0    0   0  0   0    0   0    1  .000  .000  .000   0   0   0   0   0   0   0 -100
 LAD Rudy Seanez            38   68    1    0    0   0  0   0    0   0    1  .000  .000  .000   0   0   0   0   0   0   0 -100
 STL Yadier Molina          24  111  353   30   97  15  0   6   40  34   43  .275  .340  .368   1   1  18   3   2   4   5   85
 STL Albert Pujols          27  158  565   99  185  38  1  32  103  99   58  .327  .429  .568   2   6  27   7   0   8  22  157
 STL Adam Kennedy           31   87  279   27   61   9  1   3   18  22   33  .219  .282  .290   6   2   9   3   1   1   6   50
 STL Scott Rolen            32  112  392   55  104  24  2   8   58  37   56  .265  .331  .398   5   3  13   5   0   7   2   89
 STL David Eckstein         32  117  434   58  134  23  0   3   31  24   22  .309  .356  .382  10   1   9  12   7   7   0   93
 STL Chris Duncan           26  127  375   51   97  20  0  21   70  55  123  .259  .354  .480   2   1   4   1   0   1   3  115
 STL Jim Edmonds            37  117  365   39   92  15  2  12   53  41   75  .252  .325  .403   0   2   9   0   2   3   2   88
 STL Juan Encarnacion       31   78  283   43   80  17  1   9   47  18   43  .283  .324  .445   2   2  11   1   1   4   0   98
 STL Aaron Miles            30  133  414   55  120  16  1   2   32  25   40  .290  .328  .348   2   1  11   1   4   5   1   76
 STL So Taguchi             37  130  307   48   89  15  0   3   30  23   32  .290  .350  .368   7   4  10   6   3   1   0   88
 STL Ryan Ludwick           28  120  303   42   81  22  0  14   52  26   72  .267  .339  .479   4   4   1   7   3   0   1  110
 STL Scott Spiezio          34   81  223   31   60  14  0   4   31  27   40  .269  .354  .386   0   1   5   4   0   3   2   93
 STL Brendan Ryan           25   67  180   30   52   9  0   4   12  15   19  .289  .347  .406   7   0   3   1   3   0   0   95
 STL Skip Schumaker         27   88  177   19   59  12  2   2   19   8   20  .333  .358  .458   1   1   5   0   1   2   0  111
 STL Rick Ankiel            27   47  172   31   49   8  1  11   39  13   41  .285  .328  .535   1   0   3   0   1   4   0  120
 STL Gary Bennett           35   59  155   12   39   7  0   2   17   8   16  .252  .286  .335   1   1   6   1   2   4   1   61
 STL Kelly Stinnett         37   26   82    7   13   3  0   1    5   5   22  .159  .207  .232   0   0   2   0   0   0   2   14
 STL Miguel Cairo           33   28   67    8   17   2  2   0    5   3    5  .254  .296  .343   2   1   0   1   1   0   0   66
 STL Preston Wilson         32   25   64    6   14   3  0   1    5   4   17  .219  .265  .313   2   1   2   0   0   0   0   50
 STL Russell Branyan        31   21   32    4    6   0  0   1    2   7   15  .188  .333  .281   0   0   1   0   0   0   0   63
 STL Brian Barden           26   15   23    6    5   1  0   0    0   2    4  .217  .280  .261   0   0   2   0   0   0   0   42
 STL Adam Wainwright        25   36   62    4   18   3  0   1    6   3   18  .290  .323  .387   0   1   1   0   9   0   0   84
 STL Braden Looper          32   29   53    6   10   2  0   0    6   4   19  .189  .259  .226   0   0   1   1   5   0   0   28
 STL Kip Wells              30   34   53    7   17   1  0   1    5   0   19  .321  .321  .396   0   0   0   0   1   0   0   85
 STL Anthony Reyes          25   25   26    1    2   0  0   0    1   0   10  .077  .077  .077   0   0   1   0   6   0   0  -60
 STL Brad Thompson          25   42   24    1    4   0  0   0    0   0   11  .167  .167  .167   0   0   0   0   7   0   0  -13
 STL Joel Pineiro           28   14   18    2    1   0  0   0    0   2   13  .056  .150  .056   0   0   0   0   4   0   0  -43
 STL Todd Wellemeyer        28   18   16    1    2   0  0   0    1   0    9  .125  .125  .125   0   0   0   0   3   0   0  -35
 STL Mike Maroth            29   15   10    1    2   0  0   0    1   0    1  .200  .200  .200   1   0   0   0   1   0   0    5
 STL Randy Keisler          31    4    6    1    1   0  0   0    0   0    2  .167  .167  .167   0   0   0   0   0   0   0  -13
 STL Troy Percival          37   34    4    0    0   0  0   0    0   0    4  .000  .000  .000   0   0   0   0   0   0   0 -100
 STL Ryan Franklin          34   64    2    0    1   0  0   0    1   0    1  .500  .500  .500   0   0   0   0   0   0   0  162
 STL Kelvin Jimenez         26   30    2    0    0   0  0   0    0   1    2  .000  .333  .000   0   0   0   0   0   0   0   -2
 STL Mark Mulder            29    3    2    0    1   0  0   0    0   0    1  .500  .500  .500   0   0   0   0   0   0   0  162
 STL Chris Carpenter        32    1    1    0    0   0  0   0    0   0    0  .000  .000  .000   0   0   0   0   0   0   0 -100
 STL Troy Cate              26   14    1    0    0   0  0   0    0   0    0  .000  .000  .000   0   0   0   0   0   0   0 -100
 STL Brian Falkenborg       29   16    1    0    0   0  0   0    0   0    1  .000  .000  .000   0   0   0   0   0   0   0 -100
 STL Randy Flores           31   66    1    0    0   0  0   0    0   0    1  .000  .000  .000   0   0   0   0   0   0   0 -100
 STL Josh Hancock           29    8    1    0    0   0  0   0    0   0    0  .000  .000  .000   0   0   0   0   0   0   0 -100
 STL Russ Springer          38   72    1    0    0   0  0   0    0   0    1  .000  .000  .000   0   0   0   0   0   0   0 -100
 PIT Ronny Paulino          26  133  457   56  120  25  0  11   55  33   79  .263  .314  .389   2   2  14   2   0   2   0   83
 PIT Adam LaRoche           27  152  563   71  153  42  0  21   88  62  131  .272  .345  .458   1   1  18   3   0   4   5  108
 PIT Freddy Sanchez         29  147  602   77  183  42  4  11   81  32   76  .304  .343  .442   0   1  13   8   2   9   2  103
 PIT Jose Bautista          26  142  532   75  135  36  2  15   63  68  101  .254  .339  .414   6   3  16   4   4   6   1   96
 PIT Jack Wilson            29  135  477   67  141  29  2  12   56  38   46  .296  .350  .440   2   5   8   6   7   7   9  105
 PIT Jason Bay              28  145  538   78  133  25  2  21   84  59  141  .247  .327  .418   4   1   8   9   0   8   3   93
 PIT Chris Duffy            27   70  241   31   60  11  3   3   22  21   43  .249  .313  .357  13   4   2   3   2   3   0   75
 PIT Xavier Nady            28  125  431   55  120  23  1  20   72  23  101  .278  .330  .476   3   1  16  12   0   4   2  107
 PIT Nate McLouth           25  137  329   62   85  21  3  13   38  39   77  .258  .351  .459  22   1   2   9   3   2   2  110
 PIT Ryan Doumit            26   83  252   33   69  19  2   9   32  22   59  .274  .341  .472   1   2   5   4   0   1   2  110
 PIT Jose Castillo          26   87  221   18   54  18  1   0   24   6   48  .244  .270  .335   0   0  11   2   0   1   2   57
 PIT Cesar Izturis          27   45  123   16   34   3  2   0    8   6    3  .276  .310  .333   0   3   1   0   1   0   0   69
 PIT Nyjer Morgan           26   28  107   15   32   3  4   1    7   9   19  .299  .359  .430   7   3   0   1   1   0   0  105
 PIT Matt Kata              29   47   88    9   22   7  1   1   10   0   15  .250  .258  .386   0   0   3   1   1   0   0   66
 PIT Josh Phelps            29   58   77   13   27   4  2   5   19  14   23  .351  .463  .649   0   0   1   3   0   1   0  187
 PIT Steven Pearce          24   23   68   13   20   5  1   0    6   5   12  .294  .342  .397   2   1   2   0   0   0   0   93
 PIT Rajai Davis            26   24   48    6   13   2  1   0    2   7    3  .271  .357  .354   5   2   1   0   1   1   0   87
 PIT Brad Eldred            26   19   46    3    5   1  0   2    3   1   16  .109  .128  .261   0   0   1   0   0   0   1   -2
 PIT Don Kelly              27   25   27    2    4   0  0   0    0   3    3  .148  .281  .148   0   0   1   2   0   0   0   17
 PIT Carlos Maldonado       28   13   24    2    5   1  0   2    4   5    8  .208  .333  .500   0   0   2   0   0   1   2  114
 PIT Humberto Cota          28    5   14    1    4   1  0   0    3   2    2  .286  .389  .357   0   0   0   1   0   1   0   97
 PIT Tom Gorzelanny         24   29   63    1    4   0  0   0    3   2   31  .063  .106  .063   0   0   2   1   6   0   0  -54
 PIT Paul Maholm            25   27   59    4   11   1  0   0    5   1   29  .186  .200  .203   0   0   2   0   2   0   0    6
 PIT Ian Snell              25   34   57    6    5   0  0   0    2   3   23  .088  .133  .088   0   0   0   0  12   0   0  -40
 PIT Zach Duke              24   20   32    3    8   0  0   0    3   0   12  .250  .250  .250   0   0   0   0   3   0   0   32
 PIT Tony Armas             29   29   26    0    3   1  0   0    2   0   12  .115  .115  .154   0   0   0   0   2   0   0  -30
 PIT Matt Morris            32   11   19    3    6   1  0   1    2   0    7  .316  .316  .526   0   0   0   0   5   0   0  115
 PIT Shane Youman           27   16   12    1    1   0  0   0    0   1    5  .083  .154  .083   0   0   1   0   2   0   0  -35
 PIT Shawn Chacon           29   61   11    1    3   0  0   0    0   0    2  .273  .273  .273   0   0   0   0   2   0   0   43
 PIT John VanBenschoten     27   10    7    1    1   1  0   0    0   1    3  .143  .250  .286   0   0   0   0   2   0   0   40
 PIT Franquelis Osoria      25   25    4    0    0   0  0   0    0   0    2  .000  .000  .000   0   0   0   0   1   0   0 -100
 PIT John Wasdin            34   12    4    0    0   0  0   0    0   0    1  .000  .000  .000   0   0   0   0   0   0   0 -100
 PIT Bryan Bullington       26    5    3    1    1   0  0   0    0   0    0  .333  .333  .333   0   0   0   0   1   0   0   75
 PIT Damaso Marte           32   62    2    0    0   0  0   0    0   0    1  .000  .000  .000   0   0   0   0   0   0   0 -100
 PIT Marty McLeary          32    4    2    0    0   0  0   0    0   0    0  .000  .000  .000   0   0   0   0   0   0   0 -100
 PIT Matt Capps             23   72    1    0    1   0  0   0    0   0    0 1.000 1.000 1.000   0   0   0   0   0   0   0  426
 PIT John Grabow            28   59    1    0    0   0  0   0    0   0    0  .000  .000  .000   0   0   0   0   0   0   0 -100
 PIT Romulo Sanchez         23   16    1    0    0   0  0   0    0   0    1  .000  .000  .000   0   0   0   0   0   0   0 -100
 HOU Brad Ausmus            38  117  349   38   82  16  3   3   25  37   74  .235  .318  .324   6   1  11   6   4   1   3   68
 HOU Lance Berkman          31  153  561   95  156  24  2  34  102  94  125  .278  .386  .510   7   3  11   8   0   5  11  131
 HOU Craig Biggio           41  141  517   68  130  31  3  10   50  23  112  .251  .285  .381   4   3   5   3   7   5   0   71
 HOU Morgan Ensberg         31   85  224   36   52  10  0   8   31  31   48  .232  .323  .384   0   1   6   0   2   2   0   83
 HOU Adam Everett           30   66  220   18   51  11  1   2   15  14   31  .232  .281  .318   4   2   3   1   1   0   0   56
 HOU Carlos Lee             31  162  627   93  190  43  1  32  119  53   63  .303  .354  .528  10   5  27   4   0  13  10  126
 HOU Hunter Pence           24  108  456   57  147  30  9  17   69  26   95  .322  .360  .539  11   5  10   1   0   1   0  130
 HOU Luke Scott             29  132  369   49   94  28  5  18   64  53   95  .255  .351  .504   3   1   8   2   0   1   4  119
 HOU Mark Loretta           35  133  460   52  132  23  2   4   41  44   41  .287  .352  .372   1   2  15   3   3   1   0   89
 HOU Chris Burke            27  111  319   39   73  19  2   6   28  27   52  .229  .304  .357   9   3  10   8   8   1   1   72
 HOU Mike Lamb              31  124  311   45   90  14  2  11   40  36   45  .289  .366  .453   0   0   5   3   1   2   5  112
 HOU Jason Lane             30   68  169   18   30   5  0   8   27  16   30  .178  .257  .349   1   1   4   3   1   3   0   56
 HOU Ty Wigginton           29   50  169   24   48  12  0   6   18  13   40  .284  .342  .462   2   0   8   3   0   2   0  107
 HOU Eric Bruntlett         29   80  138   16   34   5  0   0   14  20   27  .246  .346  .283   6   3   1   1   6   0   1   67
 HOU Eric Munson            29   50  132   14   31   4  0   4   15  16   15  .235  .313  .356   0   0   8   0   0   2   1   74
 HOU Orlando Palmeiro       38  101  103   12   24   3  0   0    6  16    8  .233  .342  .262   0   1   2   1   2   0   1   61
 HOU Josh Anderson          24   21   67   10   24   3  0   0   11   5    6  .358  .413  .403   1   1   0   2   0   1   0  114
 HOU Humberto Quintero      27   29   53    2   12   2  0   0    1   2   13  .226  .281  .264   0   0   2   2   0   0   1   43
 HOU J.R. Towles            23   14   40    9   15   5  0   1   12   3    1  .375  .432  .575   0   1   1   1   0   0   1  159
 HOU Cody Ransom            31   19   35    9    8   2  0   1    3   9    9  .229  .413  .371   0   0   1   2   0   0   1  107
 HOU Roy Oswalt             29   32   64    2    8   1  0   0    3   3   21  .125  .176  .141   0   0   1   1  11   0   0  -16
 HOU Woody Williams         40   33   59    3    6   0  0   1    2   0   25  .102  .102  .153   0   0   1   0   5   0   0  -35
 HOU Wandy Rodriguez        28   30   49    2    6   1  0   0    2   2   15  .122  .157  .143   0   0   2   0  12   0   0  -21
 HOU Matt Albers            24   31   29    0    2   0  0   0    0   0   17  .069  .069  .069   0   0   0   0   3   0   0  -64
 HOU Jason Jennings         28   19   26    1    2   0  0   0    1   3    8  .077  .172  .077   0   0   0   0   1   0   0  -32
 HOU Chris Sampson          29   22   26    5    4   0  0   0    0   0   10  .154  .154  .154   0   0   0   0   8   0   0  -19
 HOU Brandon Backe          29    7   10    5    4   1  0   1    1   1    3  .400  .455  .800   0   0   0   0   0   0   0  218
 HOU Juan Gutierrez         23    7    6    1    0   0  0   0    0   0    4  .000  .000  .000   0   0   0   0   1   0   0 -100
 HOU Felipe Paulino         23    5    6    0    0   0  0   0    0   0    4  .000  .000  .000   0   0   0   0   0   0   0 -100
 HOU Brian Moehler          35   40    5    0    1   0  0   0    0   0    3  .200  .200  .200   0   0   0   0   0   0   0    5
 HOU Troy Patton            21    3    3    0    1   0  0   0    0   0    1  .333  .333  .333   0   0   0   0   0   0   0   75
 HOU Dave Borkowski         30   62    2    0    0   0  0   0    0   0    1  .000  .000  .000   0   0   0   0   0   0   0 -100
 HOU Rick White             38   20    1    0    0   0  0   0    0   0    1  .000  .000  .000   0   0   0   0   0   0   0 -100
 SFG Bengie Molina          32  134  497   38  137  19  1  19   81  15   53  .276  .298  .433   0   0  13   2   1   2   2   86
 SFG Ryan Klesko            36  116  362   51   94  27  3   6   44  46   68  .260  .344  .401   5   1  14   1   1   1   2   92
 SFG Ray Durham             35  138  464   56  101  21  2  11   71  53   75  .218  .295  .343  10   2  18   2   0   9   6   65
 SFG Pedro Feliz            32  150  557   61  141  28  2  20   72  29   70  .253  .290  .418   2   2  15   1   0   3   2   81
 SFG Omar Vizquel           40  145  513   54  126  18  3   4   51  44   48  .246  .305  .316  14   6  14   1  14   3   6   62
 SFG Barry Bonds            42  126  340   75   94  14  0  28   66 132   54  .276  .480  .565   5   0  13   3   0   2  43  170
 SFG Dave Roberts           35  114  396   61  103  17  9   2   23  42   66  .260  .331  .364  31   5   4   0   4   0   1   80
 SFG Randy Winn             33  155  593   73  178  42  1  14   65  44   85  .300  .353  .445  15   3  12   7   4   5   3  105
 SFG Rich Aurilia           35   99  329   40   83  19  2   5   33  22   45  .252  .304  .368   0   0   8   4   0   3   1   73
 SFG Kevin Frandsen         25  109  264   26   71  12  1   5   31  21   24  .269  .331  .379   4   3  17   5   3   3   3   84
 SFG Fred Lewis             26   58  157   34   45   6  2   3   19  19   32  .287  .374  .408   5   1   4   3   1   0   0  103
 SFG Daniel Ortmeier        26   62  157   20   45   7  4   6   16   7   41  .287  .317  .497   2   1   2   1   0   2   1  107
 SFG Rajai Davis            26   51  142   26   40   9  1   1    7  14   25  .282  .363  .380  17   4   0   4   2   0   1   93
 SFG Nate Schierholtz       23   39  112    9   34   5  3   0   10   2   19  .304  .316  .402   3   1   0   1   0   2   0   85
 SFG Mark Sweeney           37   76   90   18   23   8  0   2   10  13   18  .256  .368  .411   2   0   0   3   1   0   0  102
 SFG Guillermo Rodriguez    29   39   87   10   22   6  0   1   14  10   17  .253  .327  .356   0   1   3   0   0   1   0   77
 SFG Eliezer Alfonzo        28   26   64    5   16   2  1   1    6   2   23  .250  .284  .359   0   2   2   1   0   0   2   65
 SFG Todd Linden            27   30   55    6   10   1  0   0    3   5   23  .182  .250  .200   0   0   0   0   0   0   1   19
 SFG Lance Niekro           28   11   17    0    3   0  0   0    0   1    5  .176  .222  .176   0   0   1   0   0   0   0    5
 SFG Scott McClain          35    8   11    1    2   0  0   0    0   0    2  .182  .182  .182   0   0   0   0   0   0   0   -5
 SFG Eugenio Velez          25   14   11    5    3   0  2   0    2   2    3  .273  .385  .636   4   0   0   0   0   0   0  158
 SFG Luis Figueroa          33    6    5    1    1   0  0   0    0   0    0  .200  .200  .200   0   0   0   0   0   0   0    4
 SFG Barry Zito             29   32   62    2    7   0  0   0    3   2   16  .113  .141  .113   0   0   0   0   4   0   0  -33
 SFG Matt Cain              22   30   57    3    4   0  0   2    4   2   32  .070  .102  .175   0   0   0   0   7   0   0  -30
 SFG Noah Lowry             26   33   57    3    5   2  0   1    5   1   15  .088  .103  .175   0   1   0   0   4   0   0  -30
 SFG Tim Lincecum           23   24   43    2    4   1  0   0    0   2   21  .093  .133  .116   0   0   1   0   6   0   0  -34
 SFG Matt Morris            32   19   38    3    7   1  0   0    1   1   10  .184  .205  .211   0   0   0   0   6   0   0    8
 SFG Russ Ortiz             33   12   17    0    3   1  0   0    3   0    4  .176  .176  .235   0   0   0   0   2   0   0    6
 SFG Kevin Correia          26   57   15    0    1   0  0   0    0   1    4  .067  .125  .067   0   0   0   0   3   0   0  -48
 SFG Patrick Misch          25   18    9    0    1   0  0   0    0   0    3  .111  .111  .111   0   0   0   0   1   0   0  -42
 SFG Jonathan Sanchez       24   31    6    0    1   1  0   0    1   0    3  .167  .167  .333   0   0   0   0   1   0   0   25
 SFG Travis Blackley        24    2    3    0    1   0  0   0    0   0    1  .333  .333  .333   0   0   0   0   0   0   0   74
 SFG Vinnie Chulk           28   55    3    0    1   0  0   0    0   0    0  .333  .333  .333   0   0   1   0   0   0   0   74
 SFG Scott Atchison         31   22    2    0    0   0  0   0    0   0    1  .000  .000  .000   0   0   0   0   0   0   0 -100
 SFG Brad Hennessey         27   68    1    0    0   0  0   0    0   0    0  .000  .000  .000   0   0   0   0   0   0   0 -100
 SFG Steve Kline            34   67    1    0    0   0  0   0    0   0    1  .000  .000  .000   0   0   0   0   0   0   0 -100
 SFG Jack Taschner          29   60    1    0    0   0  0   0    0   0    0  .000  .000  .000   0   0   0   0   1   0   0 -100
 WSN Brian Schneider        30  129  408   33   96  21  1   6   54  56   56  .235  .326  .336   0   0  15   2   4   7   7   77
 WSN Dmitri Young           33  136  460   57  147  38  1  13   74  44   74  .320  .378  .491   0   0  13   1   0   3   6  129
 WSN Ron Belliard           32  147  511   57  148  35  1  11   58  34   72  .290  .332  .427   3   0  12   1   6   5   1  100
 WSN Ryan Zimmerman         22  162  653   99  174  43  5  24   91  61  125  .266  .330  .458   4   1  26   3   0   5   3  107
 WSN Felipe Lopez           27  154  603   70  148  25  6   9   50  53  109  .245  .308  .352  24   9  11   4   5   6   1   75
 WSN Ryan Church            28  144  470   57  128  43  1  15   70  49  107  .272  .349  .464   3   2  12   8   0   3   4  114
 WSN Nook Logan             27  118  325   39   86  18  4   0   21  19   86  .265  .304  .345  23   5   9   0   5   1   1   72
 WSN Austin Kearns          27  161  587   84  156  35  1  16   74  71  106  .266  .355  .411   2   2  13  12   0   4   5  103
 WSN Robert Fick            33  118  197   24   46   6  1   2   16  19   42  .234  .309  .305   0   1   9   3   1   1   1   64
 WSN Jesus Flores           22   79  180   21   44   9  0   4   25  14   48  .244  .310  .361   0   1   5   3   0   0   0   78
 WSN Cristian Guzman        29   46  174   31   57   6  6   2   14  15   21  .328  .380  .466   2   0   1   1   0   2   1  124
 WSN Ryan Langerhans        27  103  162   24   32   6  2   6   22  22   63  .198  .296  .370   3   0   1   1   1   1   1   76
 WSN Wily MoPena            25   37  133   24   39   4  0   8   22   8   36  .293  .352  .504   2   0   2   4   0   0   2  124
 WSN D'Angelo Jimenez       29   73  102   14   25   7  0   2   10  21   22  .245  .379  .373   2   1   3   1   4   0   0  101
 WSN Tony Batista           33   80  101   10   26   3  0   2   16  12   14  .257  .347  .347   0   0   4   3   0   2   3   86
 WSN Kory Casto             25   16   54    1    7   2  0   0    3   2   17  .130  .158  .167   0   0   3   0   0   1   0  -13
 WSN Chris Snelling         25   24   49    6   10   1  1   1    7   9   11  .204  .361  .327   0   1   1   3   0   0   1   85
 WSN Michael Restovich      28   15   28    0    4   1  0   0    1   1    8  .143  .172  .179   0   0   0   0   0   0   0   -6
 WSN Justin Maxwell         23   15   26    5    7   0  0   2    5   1    8  .269  .296  .500   0   0   0   0   0   0   0  107
 WSN Josh Wilson            26   15   19    3    1   0  0   0    0   5    6  .053  .280  .053   0   0   0   1   0   0   0   -4
 WSN Brandon Watson         25    5   18    2    5   1  0   0    2   1    1  .278  .316  .333   1   0   0   0   0   0   1   73
 WSN Matt Chico             24   30   48    1    8   0  0   0    3   0   11  .167  .167  .167   0   0   0   0   9   0   0  -11
 WSN Jay Bergmann           25   22   37    2    5   0  0   0    0   1   17  .135  .158  .135   0   0   1   0   6   0   0  -21
 WSN Mike Bacsik            29   27   29    1    3   1  0   0    1   1    6  .103  .133  .138   0   0   0   0   4   0   0  -28
 WSN Tim Redding            29   15   28    1    2   1  0   0    2   0   11  .071  .071  .107   0   0   1   0   1   0   0  -53
 WSN Shawn Hill             26   16   26    2    2   0  0   0    0   3   10  .077  .200  .077   0   0   0   1   7   0   0  -22
 WSN Jason Simontacchi      33   11   19    1    1   0  0   0    0   0    5  .053  .053  .053   0   0   0   0   1   0   0  -72
 WSN Joel Hanrahan          25   12   14    3    4   2  1   0    3   0    5  .286  .286  .571   0   0   0   0   3   0   0  120
 WSN John Lannan            22    6   13    1    2   1  0   0    1   0    5  .154  .154  .231   0   0   1   0   0   0   0    0
 WSN Micah Bowie            32   28   11    0    1   0  0   0    1   0    4  .091  .091  .091   0   0   0   0   2   0   0  -51
 WSN John Patterson         29    7   10    0    0   0  0   0    0   0    7  .000  .000  .000   0   0   0   0   0   0   0 -100
 WSN Jerome Williams        25    6    7    0    1   0  0   0    0   0    4  .143  .250  .143   0   0   0   1   1   0   0    9
 WSN Levale Speigner        26   17    4    0    0   0  0   0    0   1    2  .000  .200  .000   0   0   0   0   3   0   0  -40
 WSN Billy Traber           27   23    4    0    0   0  0   0    0   0    3  .000  .000  .000   0   0   0   0   0   0   0 -100
 WSN Jon Rauch              28   83    3    0    0   0  0   0    0   0    2  .000  .000  .000   0   0   0   0   0   0   0 -100
 WSN Winston Abreu          30   24    2    0    0   0  0   0    0   0    1  .000  .000  .000   0   0   0   0   0   0   0 -100
 WSN Chris Schroder         28   37    2    0    0   0  0   0    0   0    1  .000  .000  .000   0   0   0   0   0   0   0 -100
 WSN Jesus Colome           29   56    1    0    0   0  0   0    0   0    1  .000  .000  .000   0   0   0   0   0   0   0 -100
 WSN Chad Cordero           25   71    1    0    0   0  0   0    0   0    1  .000  .000  .000   0   0   0   0   0   0   0 -100
 WSN Saul Rivera            29   80    1    0    0   0  0   0    0   1    0  .000  .500  .000   0   0   0   0   0   0   0   50
